DateUpdated,AgeGroups,Total cases,Confirmed cases,Probable cases,Total case rate,Total deaths,Confirmed deaths,Probable deaths
05/21/2020,0-9,421,,,111,1,,
05/21/2020,10-19,966,,,210,1,,
05/21/2020,20-29,4417,,,948,4,,
05/21/2020,30-39,5505,,,1250,20,,
05/21/2020,40-49,5619,,,1276,51,,
05/21/2020,50-59,6922,,,1307,153,,
05/21/2020,60-69,5845,,,1351,457,,
05/21/2020,70-79,3881,,,1489,787,,
05/21/2020,80 and older,5947,,,3623,2162,,
05/22/2020,0-9,436,,,115,1,,
05/22/2020,10-19,981,,,213,1,,
05/22/2020,20-29,4479,,,961,4,,
05/22/2020,30-39,5563,,,1263,19,,
05/22/2020,40-49,5674,,,1288,52,,
05/22/2020,50-59,6974,,,1317,154,,
05/22/2020,60-69,5882,,,1360,462,,
05/22/2020,70-79,3905,,,1498,796,,
05/22/2020,80 and older,5992,,,3650,2185,,
05/23/2020,0-9,446,,,118,1,,
05/23/2020,10-19,992,,,216,1,,
05/23/2020,20-29,4532,,,972,4,,
05/23/2020,30-39,5636,,,1280,19,,
05/23/2020,40-49,5723,,,1299,51,,
05/23/2020,50-59,7027,,,1327,155,,
05/23/2020,60-69,5916,,,1367,461,,
05/23/2020,70-79,3961,,,1520,800,,
05/23/2020,80 and older,6100,,,3716,2200,,
05/24/2020,0-9,459,,,121,1,,
05/24/2020,10-19,1016,,,221,1,,
05/24/2020,20-29,4590,,,985,4,,
05/24/2020,30-39,5705,,,1296,19,,
05/24/2020,40-49,5788,,,1314,52,,
05/24/2020,50-59,7087,,,1339,153,,
05/24/2020,60-69,5971,,,1380,467,,
05/24/2020,70-79,3995,,,1533,805,,
05/24/2020,80 and older,6147,,,3744,2239,,
05/25/2020,0-9,465,,,123,1,,
05/25/2020,10-19,1040,,,226,1,,
05/25/2020,20-29,4650,,,998,4,,
05/25/2020,30-39,5747,,,1305,19,,
05/25/2020,40-49,5882,,,1335,53,,
05/25/2020,50-59,7184,,,1357,153,,
05/25/2020,60-69,6021,,,1392,472,,
05/25/2020,70-79,4016,,,1541,808,,
05/25/2020,80 and older,6165,,,3755,2257,,
05/26/2020,0-9,477,,,126,1,,
05/26/2020,10-19,1040,,,226,1,,
05/26/2020,20-29,4641,,,996,4,,
05/26/2020,30-39,5753,,,1306,19,,
05/26/2020,40-49,5846,,,1327,53,,
05/26/2020,50-59,7150,,,1350,154,,
05/26/2020,60-69,6025,,,1393,478,,
05/26/2020,70-79,4022,,,1543,816,,
05/26/2020,80 and older,6222,,,3790,2276,,
05/27/2020,0-9,481,,,127,1,,
05/27/2020,10-19,1050,,,228,1,,
05/27/2020,20-29,4682,,,1005,4,,
05/27/2020,30-39,5791,,,1315,19,,
05/27/2020,40-49,5871,,,1333,52,,
05/27/2020,50-59,7200,,,1360,154,,
05/27/2020,60-69,6067,,,1402,483,,
05/27/2020,70-79,4039,,,1550,815,,
05/27/2020,80 and older,6265,,,3816,2296,,
05/28/2020,0-9,488,,,129,1,,
05/28/2020,10-19,1059,,,230,1,,
05/28/2020,20-29,4702,,,1009,4,,
05/28/2020,30-39,5829,,,1324,19,,
05/28/2020,40-49,5896,,,1339,52,,
05/28/2020,50-59,7219,,,1364,157,,
05/28/2020,60-69,6096,,,1409,490,,
05/28/2020,70-79,4055,,,1556,822,,
05/28/2020,80 and older,6299,,,3837,2321,,
05/29/2020,0-9,501,,,132,1,,
05/29/2020,10-19,1072,,,233,1,,
05/29/2020,20-29,4751,,,1019,4,,
05/29/2020,30-39,5855,,,1330,19,,
05/29/2020,40-49,5933,,,1347,52,,
05/29/2020,50-59,7257,,,1371,157,,
05/29/2020,60-69,6122,,,1415,492,,
05/29/2020,70-79,4076,,,1564,837,,
05/29/2020,80 and older,6333,,,3858,2348,,
05/30/2020,0-9,508,,,134,1,,
05/30/2020,10-19,1078,,,234,1,,
05/30/2020,20-29,4763,,,1022,4,,
05/30/2020,30-39,5867,,,1332,19,,
05/30/2020,40-49,5949,,,1351,52,,
05/30/2020,50-59,7286,,,1376,157,,
05/30/2020,60-69,6147,,,1421,497,,
05/30/2020,70-79,4099,,,1573,843,,
05/30/2020,80 and older,6378,,,3885,2369,,
05/18/2020,40-49,5475,,,1243,51,,
05/18/2020,50-59,6739,,,1273,143,,
05/18/2020,60-69,5686,,,1314,433,,
05/18/2020,70-79,3772,,,1447,749,,
05/18/2020,80 and older,5748,,,3501,2068,,
05/19/2020,0-9,407,,,107,1,,
05/19/2020,10-19,935,,,203,1,,
05/19/2020,20-29,4338,,,931,4,,
05/19/2020,30-39,5423,,,1232,20,,
05/19/2020,40-49,5549,,,1260,51,,
05/19/2020,50-59,6833,,,1291,148,,
05/19/2020,60-69,5764,,,1332,436,,
05/19/2020,70-79,3829,,,1469,765,,
05/19/2020,80 and older,5817,,,3543,2101,,
04/05/2020,0 - 9,49,,,13,1,,
04/05/2020,10 -19,113,,,25,0,,
04/05/2020,20 -29,639,,,137,0,,
04/05/2020,30 - 39,856,,,194,1,,
04/05/2020,40 -49,963,,,219,7,,
04/05/2020,50 -59,1152,,,218,9,,
04/05/2020,60 - 69,896,,,207,27,,
04/05/2020,70 - 79,475,,,182,47,,
04/05/2020,80 and older,463,,,282,97,,
04/06/2020,0 - 9,60,,,16,1,,
04/06/2020,10 -19,149,,,32,0,,
04/06/2020,20 -29,792,,,170,0,,
04/06/2020,30 - 39,1062,,,241,1,,
04/06/2020,40 -49,1189,,,270,7,,
04/06/2020,50 -59,1390,,,263,10,,
04/06/2020,60 - 69,1092,,,252,28,,
04/06/2020,70 - 79,569,,,218,49,,
04/06/2020,80 and older,546,,,333,110,,
04/07/2020,0-9,67,,,18,1,,
04/07/2020,10-19,168,,,37,0,,
04/07/2020,20-29,870,,,187,1,,
04/07/2020,30-39,1189,,,270,2,,
04/07/2020,40-49,1302,,,296,9,,
04/07/2020,50-59,1550,,,293,13,,
04/07/2020,60-69,1247,,,288,39,,
04/07/2020,70-79,646,,,248,63,,
04/07/2020,80 and older,635,,,387,149,,
04/08/2020,0-9,73,,,19,1,,
04/08/2020,10-19,184,,,40,0,,
04/08/2020,20-29,973,,,209,1,,
04/08/2020,30-39,1328,,,302,2,,
04/08/2020,40-49,1438,,,326,9,,
04/08/2020,50-59,1761,,,333,16,,
04/08/2020,60-69,1417,,,328,47,,
04/08/2020,70-79,748,,,287,80,,
04/08/2020,80 and older,752,,,458,179,,
04/09/2020,0-9,77,,,20,1,,
04/09/2020,10-19,203,,,44,0,,
04/09/2020,20-29,1097,,,235,1,,
04/09/2020,30-39,1478,,,336,3,,
04/09/2020,40-49,1626,,,369,10,,
04/09/2020,50-59,1968,,,372,17,,
04/09/2020,60-69,1561,,,361,53,,
04/09/2020,70-79,836,,,321,91,,
04/09/2020,80 and older,839,,,511,204,,
04/10/2020,0-9,81,,,21,1,,
04/10/2020,10-19,215,,,47,0,,
04/10/2020,20-29,1178,,,253,1,,
04/10/2020,30-39,1575,,,358,5,,
04/10/2020,40-49,1747,,,397,11,,
04/10/2020,50-59,2115,,,399,19,,
04/10/2020,60-69,1675,,,387,61,,
04/10/2020,70-79,916,,,351,101,,
04/10/2020,80 and older,940,,,573,249,,
04/11/2020,0-9,88,,,23,1,,
04/11/2020,19-Oct,238,,,52,0,,
04/11/2020,20-29,1266,,,272,1,,
04/11/2020,30-39,1701,,,386,6,,
04/11/2020,40-49,1887,,,428,13,,
04/11/2020,50-59,2273,,,429,21,,
04/11/2020,60-69,1854,,,429,67,,
04/11/2020,70-79,1027,,,394,110,,
04/11/2020,80 and older,1090,,,664,275,,
04/12/2020,0-9,89,,,23,1,,
04/12/2020,10-19,245,,,53,0,,
04/12/2020,20-29,1305,,,280,1,,
04/12/2020,30-39,1772,,,402,6,,
04/12/2020,40-49,1972,,,448,13,,
04/12/2020,50-59,2372,,,448,27,,
04/12/2020,60-69,1947,,,450,75,,
05/05/2020,0-9,243,,,64,1,,
05/05/2020,10-19,638,,,139,1,,
05/05/2020,20-29,3332,,,715,4,,
05/05/2020,30-39,4303,,,977,19,,
05/05/2020,40-49,4531,,,1029,38,,
05/05/2020,50-59,5539,,,1046,120,,
05/05/2020,60-69,4716,,,1090,340,,
05/05/2020,70-79,3062,,,1175,596,,
05/05/2020,80 and older,4485,,,2732,1596,,
05/06/2020,0-9,256,,,68,1,,
05/06/2020,10-19,663,,,144,1,,
05/06/2020,20-29,3411,,,732,4,,
05/06/2020,30-39,4393,,,998,19,,
05/06/2020,40-49,4638,,,1053,41,,
05/06/2020,50-59,5672,,,1071,120,,
05/06/2020,60-69,4824,,,1115,343,,
05/06/2020,70-79,3159,,,1212,615,,
05/06/2020,80 and older,4626,,,2818,1650,,
05/07/2020,0-9,267,,,70,1,,
05/07/2020,10-19,684,,,149,1,,
05/07/2020,20-29,3506,,,752,4,,
05/07/2020,30-39,4505,,,1023,19,,
05/07/2020,40-49,4728,,,1073,41,,
05/07/2020,50-59,5768,,,1089,120,,
05/07/2020,60-69,4894,,,1131,356,,
05/07/2020,70-79,3216,,,1234,630,,
05/07/2020,80 and older,4704,,,2865,1699,,
05/08/2020,0-9,280,,,74,1,,
05/08/2020,10-19,709,,,154,1,,
05/08/2020,20-29,3577,,,768,4,,
05/08/2020,30-39,4587,,,1042,20,,
05/08/2020,40-49,4799,,,1090,39,,
05/08/2020,50-59,5852,,,1105,121,,
05/08/2020,60-69,4974,,,1150,363,,
05/08/2020,70-79,3266,,,1253,641,,
05/08/2020,80 and older,4805,,,2927,1739,,
05/09/2020,0-9,287,,,76,1,,
05/09/2020,10-19,724,,,157,1,,
05/09/2020,20-29,3649,,,783,4,,
05/09/2020,30-39,4661,,,1058,19,,
05/09/2020,40-49,4870,,,1106,40,,
05/09/2020,50-59,5956,,,1125,120,,
05/09/2020,60-69,5060,,,1170,363,,
05/09/2020,70-79,3304,,,1268,656,,
05/09/2020,80 and older,4902,,,2986,1758,,
05/10/2020,0-9,289,,,76,1,,
05/10/2020,10-19,729,,,159,1,,
05/10/2020,20-29,3664,,,786,4,,
05/10/2020,30-39,4677,,,1062,19,,
05/10/2020,40-49,4898,,,1112,40,,
05/10/2020,50-59,5996,,,1133,123,,
05/10/2020,60-69,5091,,,1177,373,,
05/10/2020,70-79,3330,,,1278,665,,
05/10/2020,80 and older,4950,,,3015,1777,,
05/11/2020,0-9,303,,,80,1,,
05/11/2020,10-19,748,,,163,1,,
05/11/2020,20-29,3739,,,802,4,,
05/11/2020,30-39,4777,,,1085,19,,
05/11/2020,40-49,4970,,,1128,41,,
05/11/2020,50-59,6088,,,1150,125,,
05/11/2020,60-69,5152,,,1191,380,,
05/11/2020,70-79,3384,,,1298,668,,
05/11/2020,80 and older,5032,,,3065,1798,,
05/12/2020,0-9,313,,,83,1,,
05/12/2020,10-19,765,,,166,1,,
05/12/2020,20-29,3825,,,821,4,,
05/12/2020,30-39,4858,,,1103,19,,
05/12/2020,40-49,5036,,,1143,43,,
05/12/2020,50-59,6159,,,1163,127,,
05/12/2020,60-69,5209,,,1204,390,,
05/12/2020,70-79,3432,,,1317,680,,
05/12/2020,80 and older,5131,,,3126,1856,,
05/13/2020,0-9,328,,,87,1,,
05/13/2020,10-19,789,,,172,1,,
05/13/2020,20-29,3866,,,830,4,,
05/13/2020,30-39,4934,,,1120,19,,
05/13/2020,40-49,5095,,,1157,45,,
05/13/2020,50-59,6266,,,1184,130,,
05/13/2020,60-69,5299,,,1225,403,,
05/13/2020,70-79,3495,,,1341,695,,
05/13/2020,80 and older,5260,,,3204,1918,,
05/14/2020,0-9,332,,,88,1,,
05/14/2020,10-19,810,,,176,1,,
05/14/2020,20-29,3955,,,849,4,,
05/14/2020,30-39,5035,,,1143,20,,
05/14/2020,40-49,5184,,,1177,45,,
05/14/2020,50-59,6363,,,1202,133,,
05/14/2020,60-69,5381,,,1244,410,,
05/14/2020,70-79,3549,,,1362,710,,
05/14/2020,80 and older,5343,,,3255,1958,,
05/15/2020,0-9,339,,,89,1,,
05/15/2020,10-19,830,,,181,1,,
05/15/2020,20-29,4037,,,866,4,,
05/15/2020,30-39,5123,,,1163,20,,
05/15/2020,40-49,5251,,,1192,46,,
05/15/2020,50-59,6453,,,1219,136,,
05/15/2020,60-69,5457,,,1261,418,,
05/15/2020,70-79,3609,,,1385,720,,
05/15/2020,80 and older,5463,,,3328,1991,,
05/16/2020,0-9,352,,,93,1,,
05/16/2020,10-19,852,,,185,1,,
05/16/2020,20-29,4131,,,886,4,,
05/16/2020,30-39,5236,,,1189,20,,
05/16/2020,40-49,5345,,,1214,48,,
05/16/2020,50-59,6597,,,1246,141,,
05/16/2020,60-69,5568,,,1287,426,,
05/16/2020,70-79,3668,,,1407,733,,
05/16/2020,80 and older,5545,,,3378,2032,,
05/17/2020,0-9,376,,,99,1,,
05/17/2020,10-19,900,,,196,1,,
05/17/2020,20-29,4247,,,911,4,,
05/17/2020,30-39,5297,,,1203,20,,
05/17/2020,40-49,5427,,,1232,53,,
05/17/2020,50-59,6690,,,1264,140,,
05/17/2020,60-69,5620,,,1299,435,,
05/17/2020,70-79,3742,,,1436,745,,
05/17/2020,80 and older,5681,,,3461,2048,,
05/18/2020,0-9,386,,,102,1,,
05/18/2020,10-19,897,,,195,1,,
05/18/2020,20-29,4264,,,915,4,,
05/18/2020,30-39,5340,,,1213,20,,
04/12/2020,70-79,1080,,,414,122,,
04/12/2020,80 and older,1167,,,711,309,,
04/13/2020,0-9,97,,,26,1,,
04/13/2020,10-19,274,,,60,0,,
04/13/2020,20-29,1430,,,307,1,,
04/13/2020,30-39,1921,,,436,8,,
04/13/2020,40-49,2151,,,488,13,,
04/13/2020,50-59,2593,,,490,30,,
04/13/2020,60-69,2148,,,496,83,,
04/13/2020,70-79,1212,,,465,134,,
04/13/2020,80 and older,1314,,,800,332,,
04/14/2020,0-9,100,,,26,1,,
04/14/2020,10-19,281,,,61,0,,
04/14/2020,20-29,1489,,,320,1,,
04/14/2020,30-39,2013,,,457,8,,
04/14/2020,40-49,2256,,,512,14,,
04/14/2020,50-59,2715,,,513,32,,
04/14/2020,60-69,2245,,,519,96,,
04/14/2020,70-79,1266,,,486,150,,
04/14/2020,80 and older,1396,,,850,369,,
04/15/2020,0-9,107,,,28,1,,
04/15/2020,10-19,291,,,63,1,,
04/15/2020,20-29,1557,,,334,1,,
04/15/2020,30-39,2101,,,477,9,,
04/15/2020,40-49,2348,,,533,19,,
04/15/2020,50-59,2838,,,536,35,,
04/15/2020,60-69,2357,,,545,118,,
04/15/2020,70-79,1381,,,530,192,,
04/15/2020,80 and older,1581,,,963,491,,
04/16/2020,0-9,117,,,31,1,,
04/16/2020,10-19,311,,,68,1,,
04/16/2020,20-29,1670,,,358,2,,
04/16/2020,30-39,2244,,,510,10,,
04/16/2020,40-49,2534,,,575,20,,
04/16/2020,50-59,3050,,,576,40,,
04/16/2020,60-69,2545,,,588,138,,
04/16/2020,70-79,1477,,,567,218,,
04/16/2020,80 and older,1734,,,1056,539,,
04/17/2020,0-9,130,,,34,1,,
04/17/2020,10-19,330,,,72,1,,
04/17/2020,20-29,1781,,,382,3,,
04/17/2020,30-39,2379,,,540,11,,
04/17/2020,40-49,2683,,,609,21,,
04/17/2020,50-59,3248,,,613,44,,
04/17/2020,60-69,2683,,,620,143,,
04/17/2020,70-79,1541,,,591,231,,
04/17/2020,80 and older,1866,,,1137,579,,
04/18/2020,0-9,133,,,35,1,,
04/18/2020,10-19,345,,,75,2,,
04/18/2020,20-29,1854,,,398,3,,
04/18/2020,30-39,2469,,,561,11,,
04/18/2020,40-49,2791,,,634,22,,
04/18/2020,50-59,3375,,,637,44,,
04/18/2020,60-69,2805,,,648,151,,
04/18/2020,70-79,1618,,,621,245,,
04/18/2020,80 and older,1994,,,1215,605,,
04/19/2020,0-9,138,,,36,1,,
04/19/2020,10-19,349,,,76,2,,
04/19/2020,20-29,1884,,,404,3,,
04/19/2020,30-39,2520,,,572,11,,
04/19/2020,40-49,2846,,,646,22,,
04/19/2020,50-59,3433,,,648,45,,
04/19/2020,60-69,2871,,,664,158,,
04/19/2020,70-79,1662,,,638,253,,
04/19/2020,80 and older,2095,,,1276,630,,
04/20/2020,0-9,137,,,36,1,,
04/20/2020,10-19,371,,,81,2,,
04/20/2020,20-29,2013,,,432,3,,
04/20/2020,30-39,2718,,,617,12,,
04/20/2020,40-49,3048,,,692,28,,
04/20/2020,50-59,3696,,,698,58,,
04/20/2020,60-69,3162,,,731,192,,
04/20/2020,70-79,1901,,,729,300,,
04/20/2020,80 and older,2533,,,1543,733,,
04/21/2020,0-9,144,,,38,1,,
04/21/2020,10-19,386,,,84,2,,
04/21/2020,20-29,2074,,,445,3,,
04/21/2020,30-39,2805,,,637,14,,
04/21/2020,40-49,3121,,,709,28,,
04/21/2020,50-59,3774,,,713,63,,
04/21/2020,60-69,3247,,,750,204,,
04/21/2020,70-79,1948,,,747,319,,
04/21/2020,80 and older,2624,,,1598,787,,
04/22/2020,0-9,166,,,44,1,,
04/22/2020,10-19,448,,,97,1,,
04/22/2020,20-29,2313,,,496,3,,
04/22/2020,30-39,3136,,,712,14,,
04/22/2020,40-49,3450,,,783,30,,
04/22/2020,50-59,4232,,,799,69,,
04/22/2020,60-69,3549,,,820,222,,
04/22/2020,70-79,2114,,,811,344,,
04/22/2020,80 and older,2828,,,1723,858,,
04/23/2020,0-9,169,,,45,1,,
04/23/2020,10-19,465,,,101,1,,
04/23/2020,20-29,2397,,,514,4,,
04/23/2020,30-39,3204,,,728,15,,
04/23/2020,40-49,3537,,,803,30,,
04/23/2020,50-59,4335,,,819,75,,
04/23/2020,60-69,3632,,,839,228,,
04/23/2020,70-79,2172,,,833,366,,
04/23/2020,80 and older,2951,,,1798,915,,
04/24/2020,0-9,176,,,46,1,,
04/24/2020,10-19,482,,,105,1,,
04/24/2020,20-29,2465,,,529,4,,
04/24/2020,30-39,3322,,,754,16,,
04/24/2020,40-49,3621,,,822,31,,
04/24/2020,50-59,4464,,,843,78,,
04/24/2020,60-69,3739,,,864,240,,
04/24/2020,70-79,2283,,,876,398,,
04/24/2020,80 and older,3134,,,1909,992,,
04/25/2020,0-9,178,,,47,1,,
04/25/2020,10-19,492,,,107,1,,
04/25/2020,20-29,2576,,,553,3,,
04/25/2020,30-39,3428,,,778,16,,
04/25/2020,40-49,3708,,,842,31,,
04/25/2020,50-59,4576,,,864,84,,
04/25/2020,60-69,3824,,,884,250,,
04/25/2020,70-79,2338,,,897,423,,
04/25/2020,80 and older,3225,,,1964,1049,,
04/26/2020,0-9,184,,,49,1,,
04/26/2020,10-19,500,,,109,1,,
04/26/2020,20-29,2647,,,568,3,,
04/26/2020,30-39,3509,,,797,16,,
04/26/2020,40-49,3788,,,860,31,,
04/26/2020,50-59,4689,,,886,88,,
04/26/2020,60-69,3903,,,902,258,,
04/26/2020,70-79,2433,,,933,434,,
04/26/2020,80 and older,3382,,,2060,1091,,
04/27/2020,0-9,188,,,50,1,,
04/27/2020,10-19,523,,,114,1,,
04/27/2020,20-29,2750,,,590,3,,
04/27/2020,30-39,3614,,,821,16,,
04/27/2020,40-49,3885,,,882,31,,
04/27/2020,50-59,4796,,,906,92,,
04/27/2020,60-69,4011,,,927,270,,
04/27/2020,70-79,2501,,,960,455,,
04/27/2020,80 and older,3498,,,2131,1141,,
04/28/2020,0-9,190,,,50,1,,
04/28/2020,10-19,532,,,116,1,,
04/28/2020,20-29,2770,,,594,3,,
04/28/2020,30-39,3651,,,829,17,,
04/28/2020,40-49,3905,,,887,31,,
04/28/2020,50-59,4840,,,914,96,,
04/28/2020,60-69,4053,,,937,274,,
04/28/2020,70-79,2545,,,976,468,,
04/28/2020,80 and older,3593,,,2189,1195,,
04/29/2020,0-9,199,,,52,1,,
04/29/2020,10-19,537,,,117,1,,
04/29/2020,20-29,2820,,,605,3,,
04/29/2020,30-39,3695,,,839,16,,
04/29/2020,40-49,3952,,,897,31,,
04/29/2020,50-59,4894,,,924,98,,
04/29/2020,60-69,4124,,,953,279,,
04/29/2020,70-79,2609,,,1001,486,,
04/29/2020,80 and older,3704,,,2256,1249,,
04/30/2020,0-9,207,,,55,1,,
04/30/2020,10-19,568,,,124,1,,
04/30/2020,20-29,2936,,,630,3,,
04/30/2020,30-39,3821,,,868,18,,
04/30/2020,40-49,4063,,,922,31,,
04/30/2020,50-59,5040,,,952,101,,
04/30/2020,60-69,4259,,,984,290,,
04/30/2020,70-79,2712,,,1041,507,,
04/30/2020,80 and older,3860,,,2351,1301,,
05/01/2020,0-9,214,,,56,1,,
05/01/2020,10-19,589,,,128,1,,
05/01/2020,20-29,3051,,,655,3,,
05/01/2020,30-39,3977,,,903,18,,
05/01/2020,40-49,4227,,,960,32,,
05/01/2020,50-59,5218,,,986,102,,
05/01/2020,60-69,4413,,,1020,300,,
05/01/2020,70-79,2808,,,1077,521,,
05/01/2020,80 and older,4063,,,2475,1357,,
05/02/2020,0-9,220,,,58,1,,
05/02/2020,10-19,603,,,131,1,,
05/02/2020,20-29,3122,,,670,4,,
05/02/2020,30-39,4042,,,918,18,,
05/02/2020,40-49,4298,,,976,33,,
05/02/2020,50-59,5297,,,1000,104,,
05/02/2020,60-69,4483,,,1036,309,,
05/02/2020,70-79,2872,,,1102,535,,
05/02/2020,80 and older,4193,,,2554,1426,,
05/03/2020,0-9,226,,,60,1,,
05/03/2020,10-19,611,,,133,1,,
05/03/2020,20-29,3190,,,684,4,,
05/03/2020,30-39,4151,,,943,18,,
05/03/2020,40-49,4401,,,999,37,,
05/03/2020,50-59,5405,,,1021,111,,
05/03/2020,60-69,4583,,,1059,324,,
05/03/2020,70-79,2946,,,1130,558,,
05/03/2020,80 and older,4307,,,2624,1499,,
05/04/2020,0-9,239,,,63,1,,
05/04/2020,10-19,628,,,137,1,,
05/04/2020,20-29,3292,,,706,4,,
05/04/2020,30-39,4254,,,966,18,,
05/04/2020,40-49,4491,,,1020,38,,
05/04/2020,50-59,5493,,,1038,116,,
05/04/2020,60-69,4663,,,1078,328,,
05/04/2020,70-79,3010,,,1155,581,,
05/04/2020,80 and older,4400,,,2680,1543,,
05/20/2020,0-9,409,,,108,1,,
05/20/2020,10-19,942,,,205,1,,
05/20/2020,20-29,4368,,,937,4,,
05/20/2020,30-39,5449,,,1237,20,,
05/20/2020,40-49,5571,,,1265,50,,
05/20/2020,50-59,6857,,,1295,150,,
05/20/2020,60-69,5787,,,1338,443,,
05/20/2020,70-79,3842,,,1474,774,,
05/20/2020,80 and older,5863,,,3571,2138,,
05/31/2020,0-9,515,494,21,136,1,1,0
05/31/2020,10-19,1102,1058,44,240,1,1,0
05/31/2020,20-29,4829,4648,181,1036,4,4,0
05/31/2020,30-39,5948,5760,188,1351,19,19,0
05/31/2020,40-49,6015,5835,180,1366,52,42,10
05/31/2020,50-59,7349,7083,266,1388,156,125,31
05/31/2020,60-69,6198,5954,244,1433,499,419,80
05/31/2020,70-79,4133,3887,246,1586,844,688,156
05/31/2020,80 and older,6527,5837,690,3976,2393,1812,581
06/01/2020,0-9,523,502,21,138,1,1,0
06/01/2020,10-19,1117,1073,44,243,1,1,0
06/01/2020,20-29,4863,4681,182,1043,4,4,0
06/01/2020,30-39,5980,5798,182,1358,19,19,0
06/01/2020,40-49,6049,5867,182,1373,52,42,10
06/01/2020,50-59,7386,7123,263,1395,157,128,29
06/01/2020,60-69,6214,5977,237,1436,493,419,74
06/01/2020,70-79,4152,3908,244,1593,853,699,154
06/01/2020,80 and older,6568,5898,670,4001,2391,1826,565
06/02/2020,0-9,530,508,22,140,1,1,0
06/02/2020,10-19,1126,1078,48,245,1,1,0
06/02/2020,20-29,4886,4704,182,1048,4,4,0
06/02/2020,30-39,5991,5812,179,1361,18,18,0
06/02/2020,40-49,6059,5877,182,1376,52,42,10
06/02/2020,50-59,7387,7126,261,1395,157,129,28
06/02/2020,60-69,6226,5990,236,1439,493,419,74
06/02/2020,70-79,4154,3910,244,1594,856,702,154
06/02/2020,80 and older,6581,5908,673,4009,2406,1840,566
06/03/2020,0-9,538,514,24,142,1,1,0
06/03/2020,10-19,1136,1088,48,247,1,1,0
06/03/2020,20-29,4903,4718,185,1052,4,4,0
06/03/2020,30-39,6021,5840,181,1367,18,18,0
06/03/2020,40-49,6072,5889,183,1379,51,41,10
06/03/2020,50-59,7405,7136,269,1399,159,131,28
06/03/2020,60-69,6249,6007,242,1444,495,420,75
06/03/2020,70-79,4165,3919,246,1598,859,705,154
06/03/2020,80 and older,6608,5931,677,4025,2418,1850,568
06/04/2020,0-9,540,517,23,142,1,1,0
06/04/2020,10-19,1151,1101,50,250,1,1,0
06/04/2020,20-29,4950,4765,185,1062,4,4,0
06/04/2020,30-39,6058,5875,183,1376,18,18,0
06/04/2020,40-49,6110,5925,185,1387,52,42,10
06/04/2020,50-59,7437,7166,271,1405,161,133,28
06/04/2020,60-69,6269,6028,241,1449,499,425,74
06/04/2020,70-79,4171,3928,243,1600,868,712,156
06/04/2020,80 and older,6640,5961,679,4045,2433,1860,573
06/05/2020,0-9,558,535,23,147,1,1,0
06/05/2020,10-19,1172,1121,51,255,1,1,0
06/05/2020,20-29,5012,4828,184,1075,4,4,0
06/05/2020,30-39,6125,5940,185,1391,18,18,0
06/05/2020,40-49,6164,5979,185,1400,52,42,10
06/05/2020,50-59,7493,7218,275,1415,161,133,28
06/05/2020,60-69,6298,6058,240,1456,503,430,73
06/05/2020,70-79,4195,3948,247,1610,873,715,158
06/05/2020,80 and older,6664,5992,672,4059,2441,1874,567
06/06/2020,0-9,564,541,23,149,1,1,0
06/06/2020,10-19,1179,1128,51,256,1,1,0
06/06/2020,20-29,5038,4853,185,1081,4,4,0
06/06/2020,30-39,6150,5965,185,1397,18,18,0
06/06/2020,40-49,6186,6001,185,1405,52,42,10
06/06/2020,50-59,7515,7242,273,1419,161,133,28
06/06/2020,60-69,6310,6071,239,1458,504,430,74
06/06/2020,70-79,4202,3955,247,1612,877,718,159
06/06/2020,80 and older,6679,6007,672,4068,2452,1882,570
06/07/2020,0-9,566,543,23,149,1,1,0
06/07/2020,10-19,1186,1135,51,258,1,1,0
06/07/2020,20-29,5065,4879,186,1087,4,4,0
06/07/2020,30-39,6175,5991,184,1402,19,19,0
06/07/2020,40-49,6200,6015,185,1408,52,42,10
06/07/2020,50-59,7529,7256,273,1422,161,133,28
06/07/2020,60-69,6317,6079,238,1460,506,432,74
06/07/2020,70-79,4214,3966,248,1617,879,719,160
06/07/2020,80 and older,6694,6020,674,4078,2460,1888,572
06/08/2020,0-9,570,548,22,150,1,1,0
06/08/2020,10-19,1190,1141,49,259,1,1,0
06/08/2020,20-29,5077,4894,183,1089,4,4,0
06/08/2020,30-39,6191,6013,178,1406,20,20,0
06/08/2020,40-49,6207,6027,180,1409,52,42,10
06/08/2020,50-59,7536,7272,264,1423,162,134,28
06/08/2020,60-69,6331,6108,223,1463,507,433,74
06/08/2020,70-79,4220,3983,237,1619,882,723,159
06/08/2020,80 and older,6711,6063,648,4088,2467,1908,559
06/09/2020,0-9,575,553,22,152,1,1,0
06/09/2020,10-19,1203,1156,47,262,1,1,0
06/09/2020,20-29,5098,4923,175,1094,4,4,0
06/09/2020,30-39,6224,6061,163,1413,20,20,0
06/09/2020,40-49,6235,6066,169,1416,52,42,10
06/09/2020,50-59,7553,7322,231,1427,165,136,29
06/09/2020,60-69,6350,6141,209,1468,510,435,75
06/09/2020,70-79,4230,4004,226,1623,888,730,158
06/09/2020,80 and older,6732,6087,645,4101,2478,1914,564
06/10/2020,0-9,579,557,22,153,1,1,0
06/10/2020,10-19,1207,1160,47,263,1,1,0
06/10/2020,20-29,5119,4939,180,1098,4,4,0
06/10/2020,30-39,6238,6072,166,1417,20,20,0
06/10/2020,40-49,6244,6074,170,1418,51,41,10
06/10/2020,50-59,7565,7333,232,1429,166,137,29
06/10/2020,60-69,6362,6156,206,1470,511,437,74
06/10/2020,70-79,4246,4019,227,1629,891,731,160
06/10/2020,80 and older,6754,6112,642,4114,2500,1936,564
06/11/2020,0-9,589,567,22,155,1,1,0
06/11/2020,10-19,1213,1166,47,264,1,1,0
06/11/2020,20-29,5166,4986,180,1108,4,4,0
06/11/2020,30-39,6306,6141,165,1432,20,20,0
06/11/2020,40-49,6279,6110,169,1426,51,41,10
06/11/2020,50-59,7597,7366,231,1435,166,137,29
06/11/2020,60-69,6375,6169,206,1473,512,438,74
06/11/2020,70-79,4252,4026,226,1631,893,733,160
06/11/2020,80 and older,6764,6122,642,4120,2510,1946,564
06/12/2020,0-9,600,578,22,158,1,1,0
06/12/2020,10-19,1229,1180,49,267,1,1,0
06/12/2020,20-29,5219,5039,180,1120,4,4,0
06/12/2020,30-39,6367,6200,167,1446,20,20,0
06/12/2020,40-49,6317,6144,173,1434,51,41,10
06/12/2020,50-59,7626,7394,232,1440,166,137,29
06/12/2020,60-69,6399,6192,207,1479,515,440,75
06/12/2020,70-79,4275,4047,228,1640,899,737,162
06/12/2020,80 and older,6816,6171,645,4152,2528,1961,567
06/13/2020,0-9,602,580,22,159,1,1,0
06/13/2020,10-19,1231,1182,49,268,1,1,0
06/13/2020,20-29,5239,5059,180,1124,4,4,0
06/13/2020,30-39,6402,6235,167,1454,20,20,0
06/13/2020,40-49,6338,6167,171,1439,51,41,10
06/13/2020,50-59,7642,7410,232,1443,166,137,29
06/13/2020,60-69,6411,6203,208,1482,516,440,76
06/13/2020,70-79,4280,4053,227,1642,902,740,162
06/13/2020,80 and older,6825,6178,647,4157,2539,1971,568
06/14/2020,0-9,605,581,24,160,1,1,0
06/14/2020,10-19,1238,1188,50,269,1,1,0
06/14/2020,20-29,5257,5075,182,1128,4,4,0
06/14/2020,30-39,6414,6244,170,1457,20,20,0
06/14/2020,40-49,6351,6176,175,1442,52,41,11
06/14/2020,50-59,7656,7421,235,1446,166,137,29
06/14/2020,60-69,6419,6211,208,1484,516,440,76
06/14/2020,70-79,4284,4057,227,1644,902,740,162
06/14/2020,80 and older,6833,6185,648,4162,2541,1972,569
06/15/2020,0-9,615,591,24,162,1,1,0
06/15/2020,10-19,1278,1227,51,278,1,1,0
06/15/2020,20-29,5342,5155,187,1146,5,5,0
06/15/2020,30-39,6430,6266,164,1460,20,20,0
06/15/2020,40-49,6400,6222,178,1453,55,43,12
06/15/2020,50-59,7682,7447,235,1451,167,138,29
06/15/2020,60-69,6367,6157,210,1472,519,441,78
06/15/2020,70-79,4286,4055,231,1644,915,753,162
06/15/2020,80 and older,6771,6130,641,4125,2526,1960,566
06/16/2020,0-9,620,596,24,164,1,1,0
06/16/2020,10-19,1282,1229,53,279,1,1,0
06/16/2020,20-29,5351,5163,188,1148,5,5,0
06/16/2020,30-39,6440,6276,164,1462,20,20,0
06/16/2020,40-49,6407,6227,180,1455,55,43,12
06/16/2020,50-59,7699,7461,238,1454,167,138,29
06/16/2020,60-69,6379,6166,213,1474,519,441,78
06/16/2020,70-79,4291,4060,231,1646,918,756,162
06/16/2020,80 and older,6782,6144,638,4131,2532,1968,564
06/17/2020,0-9,619,595,24,163,1,1,0
06/17/2020,10-19,1286,1232,54,280,1,1,0
06/17/2020,20-29,5366,5178,188,1151,5,5,0
06/17/2020,30-39,6452,6287,165,1465,20,20,0
06/17/2020,40-49,6422,6241,181,1458,55,43,12
06/17/2020,50-59,7713,7474,239,1457,167,138,29
06/17/2020,60-69,6387,6174,213,1476,521,443,78
06/17/2020,70-79,4301,4069,232,1650,920,757,163
06/17/2020,80 and older,6787,6148,639,4134,2535,1970,565
06/18/2020,0-9,622,598,24,164,1,1,0
06/18/2020,10-19,1293,1240,53,281,1,1,0
06/18/2020,20-29,5393,5204,189,1157,5,5,0
06/18/2020,30-39,6463,6299,164,1468,21,21,0
06/18/2020,40-49,6433,6252,181,1461,55,43,12
06/18/2020,50-59,7728,7490,238,1460,168,139,29
06/18/2020,60-69,6399,6186,213,1479,521,443,78
06/18/2020,70-79,4313,4081,232,1655,922,758,164
06/18/2020,80 and older,6806,6165,641,4146,2543,1974,569
06/19/2020,0-9,628,604,24,166,1,1,0
06/19/2020,10-19,1297,1244,53,282,1,1,0
06/19/2020,20-29,5426,5233,193,1164,5,5,0
06/19/2020,30-39,6484,6320,164,1472,21,21,0
06/19/2020,40-49,6455,6275,180,1466,56,44,12
06/19/2020,50-59,7750,7513,237,1464,169,140,29
06/19/2020,60-69,6417,6204,213,1483,520,442,78
06/19/2020,70-79,4327,4091,236,1660,929,761,168
06/19/2020,80 and older,6822,6182,640,4156,2548,1979,569
06/20/2020,0-9,634,610,24,167,1,1,0
06/20/2020,10-19,1299,1246,53,283,1,1,0
06/20/2020,20-29,5431,5239,192,1165,5,5,0
06/20/2020,30-39,6490,6326,164,1474,21,21,0
06/20/2020,40-49,6462,6282,180,1467,56,44,12
06/20/2020,50-59,7754,7517,237,1465,169,140,29
06/20/2020,60-69,6421,6207,214,1484,521,442,79
06/20/2020,70-79,4329,4093,236,1661,933,765,168
06/20/2020,80 and older,6826,6185,641,4158,2552,1982,570
06/21/2020,0-9,634,610,24,167,1,1,0
06/21/2020,10-19,1300,1247,53,283,1,1,0
06/21/2020,20-29,5439,5245,194,1167,5,5,0
06/21/2020,30-39,6490,6326,164,1474,21,21,0
06/21/2020,40-49,6466,6283,183,1468,56,44,12
06/21/2020,50-59,7760,7522,238,1466,169,140,29
06/21/2020,60-69,6425,6210,215,1485,521,442,79
06/21/2020,70-79,4331,4094,237,1662,935,766,169
06/21/2020,80 and older,6828,6186,642,4159,2553,1983,570
06/22/2020,0-9,634,611,23,167,1,1,0
06/22/2020,10-19,1303,1250,53,283,1,1,0
06/22/2020,20-29,5463,5269,194,1172,4,4,0
06/22/2020,30-39,6509,6345,164,1478,21,21,0
06/22/2020,40-49,6472,6289,183,1469,56,44,12
06/22/2020,50-59,7771,7535,236,1468,170,141,29
06/22/2020,60-69,6445,6234,211,1490,522,444,78
06/22/2020,70-79,4343,4109,234,1666,935,769,166
06/22/2020,80 and older,6850,6202,648,4173,2566,1989,577
06/23/2020,0-9,635,612,23,167,1,1,0
06/23/2020,10-19,1304,1251,53,284,1,1,0
06/23/2020,20-29,5466,5272,194,1173,4,4,0
06/23/2020,30-39,6512,6348,164,1479,21,21,0
06/23/2020,40-49,6474,6291,183,1470,56,44,12
06/23/2020,50-59,7772,7536,236,1468,171,142,29
06/23/2020,60-69,6445,6234,211,1490,523,445,78
06/23/2020,70-79,4345,4111,234,1667,935,769,166
06/23/2020,80 and older,6851,6202,649,4173,2574,1996,578
06/24/2020,0-9,637,614,23,168,1,1,0
06/24/2020,10-19,1310,1257,53,285,1,1,0
06/24/2020,20-29,5489,5290,199,1178,4,4,0
06/24/2020,30-39,6526,6358,168,1482,21,21,0
06/24/2020,40-49,6488,6301,187,1473,56,44,12
06/24/2020,50-59,7778,7540,238,1469,171,142,29
06/24/2020,60-69,6451,6241,210,1491,525,447,78
06/24/2020,70-79,4347,4110,237,1668,939,772,167
06/24/2020,80 and older,6858,6209,649,4178,2579,2002,577
06/25/2020,0-9,639,616,23,169,1,1,0
06/25/2020,10-19,1315,1262,53,286,1,1,0
06/25/2020,20-29,5502,5305,197,1181,4,4,0
06/25/2020,30-39,6536,6368,168,1484,21,21,0
06/25/2020,40-49,6493,6307,186,1474,56,44,12
06/25/2020,50-59,7785,7548,237,1470,172,143,29
06/25/2020,60-69,6458,6248,210,1493,526,447,79
06/25/2020,70-79,4355,4118,237,1671,940,773,167
06/25/2020,80 and older,6866,6217,649,4182,2584,2006,578
06/26/2020,0-9,645,621,24,170,1,1,0
06/26/2020,10-19,1320,1266,54,287,1,1,0
06/26/2020,20-29,5530,5332,198,1187,4,4,0
06/26/2020,30-39,6549,6379,170,1487,21,21,0
06/26/2020,40-49,6510,6325,185,1478,56,44,12
06/26/2020,50-59,7807,7569,238,1475,173,144,29
06/26/2020,60-69,6474,6265,209,1496,526,447,79
06/26/2020,70-79,4367,4128,239,1676,941,773,168
06/26/2020,80 and older,6895,6244,651,4200,2586,2008,578
06/27/2020,0-9,645,621,24,170,1,1,0
06/27/2020,10-19,1334,1281,53,290,1,1,0
06/27/2020,20-29,5556,5358,198,1192,4,4,0
06/27/2020,30-39,6562,6392,170,1490,21,21,0
06/27/2020,40-49,6526,6341,185,1482,56,44,12
06/27/2020,50-59,7819,7582,237,1477,174,145,29
06/27/2020,60-69,6482,6273,209,1498,528,449,79
06/27/2020,70-79,4372,4133,239,1677,941,773,168
06/27/2020,80 and older,6899,6248,651,4202,2588,2010,578
06/28/2020,0-9,647,623,24,171,1,1,0
06/28/2020,10-19,1345,1292,53,293,1,1,0
06/28/2020,20-29,5575,5377,198,1196,4,4,0
06/28/2020,30-39,6579,6410,169,1494,21,21,0
06/28/2020,40-49,6544,6358,186,1486,56,44,12
06/28/2020,50-59,7833,7594,239,1479,176,146,30
06/28/2020,60-69,6494,6283,211,1501,531,451,80
06/28/2020,70-79,4382,4143,239,1681,941,773,168
06/28/2020,80 and older,6904,6253,651,4206,2589,2010,579
06/29/2020,0-9,655,631,24,173,1,1,0
06/29/2020,10-19,1362,1307,55,296,1,1,0
06/29/2020,20-29,5610,5411,199,1204,4,4,0
06/29/2020,30-39,6598,6430,168,1498,21,21,0
06/29/2020,40-49,6561,6376,185,1490,56,44,12
06/29/2020,50-59,7857,7618,239,1484,176,146,30
06/29/2020,60-69,6509,6296,213,1504,531,451,80
06/29/2020,70-79,4393,4155,238,1685,942,774,168
06/29/2020,80 and older,6910,6259,651,4209,2590,2011,579
06/30/2020,0-9,658,634,24,174,1,1,0
06/30/2020,10-19,1366,1311,55,297,1,1,0
06/30/2020,20-29,5625,5424,201,1207,4,4,0
06/30/2020,30-39,6610,6442,168,1501,21,21,0
06/30/2020,40-49,6570,6385,185,1492,56,44,12
06/30/2020,50-59,7863,7625,238,1485,176,146,30
06/30/2020,60-69,6517,6303,214,1506,532,451,81
06/30/2020,70-79,4395,4157,238,1686,943,775,168
06/30/2020,80 and older,6909,6261,648,4209,2590,2014,576
07/01/2020,0-9,660,637,23,174,1,1,0
07/01/2020,10-19,1369,1314,55,298,1,1,0
07/01/2020,20-29,5637,5436,201,1210,4,4,0
07/01/2020,30-39,6620,6452,168,1503,21,21,0
07/01/2020,40-49,6579,6395,184,1494,56,44,12
07/01/2020,50-59,7873,7636,237,1487,176,146,30
07/01/2020,60-69,6526,6313,213,1508,532,451,81
07/01/2020,70-79,4398,4160,238,1687,943,775,168
07/01/2020,80 and older,6926,6279,647,4219,2592,2016,576
07/02/2020,0-9,663,640,23,175,1,1,0
07/02/2020,10-19,1374,1320,54,299,1,1,0
07/02/2020,20-29,5657,5455,202,1214,4,4,0
07/02/2020,30-39,6631,6464,167,1506,21,21,0
07/02/2020,40-49,6587,6403,184,1496,56,44,12
07/02/2020,50-59,7880,7645,235,1488,176,146,30
07/02/2020,60-69,6529,6316,213,1509,533,452,81
07/02/2020,70-79,4400,4162,238,1688,945,777,168
07/02/2020,80 and older,6938,6286,652,4226,2598,2017,581
07/05/2020,0-9,668,645,23,176,1,1,0
07/05/2020,10-19,1400,1346,54,304,1,1,0
07/05/2020,20-29,5734,5530,204,1230,4,4,0
07/05/2020,30-39,6662,6494,168,1513,21,21,0
07/05/2020,40-49,6614,6430,184,1502,56,44,12
07/05/2020,50-59,7921,7687,234,1496,176,146,30
07/05/2020,60-69,6551,6337,214,1514,533,452,81
07/05/2020,70-79,4416,4178,238,1694,945,777,168
07/05/2020,80 and older,6952,6300,652,4235,2601,2020,581
07/06/2020,0-9,670,647,23,177,1,1,0
07/06/2020,10-19,1403,1349,54,305,1,1,0
07/06/2020,20-29,5750,5547,203,1234,4,4,0
07/06/2020,30-39,6670,6502,168,1515,21,21,0
07/06/2020,40-49,6622,6438,184,1504,56,44,12
07/06/2020,50-59,7926,7692,234,1497,176,146,30
07/06/2020,60-69,6565,6352,213,1517,533,452,81
07/06/2020,70-79,4417,4179,238,1695,945,777,168
07/06/2020,80 and older,6952,6300,652,4235,2601,2020,581
07/07/2020,0-9,674,651,23,178,1,1,0
07/07/2020,10-19,1412,1357,55,307,1,1,0
07/07/2020,20-29,5761,5558,203,1236,4,4,0
07/07/2020,30-39,6685,6516,169,1518,21,21,0
07/07/2020,40-49,6633,6448,185,1506,56,44,12
07/07/2020,50-59,7935,7701,234,1499,176,146,30
07/07/2020,60-69,6574,6360,214,1519,535,453,82
07/07/2020,70-79,4424,4186,238,1697,946,778,168
07/07/2020,80 and older,6955,6304,651,4237,2603,2023,580
07/08/2020,0-9,678,655,23,179,1,1,0
07/08/2020,10-19,1422,1366,56,309,1,1,0
07/08/2020,20-29,5792,5588,204,1243,4,4,0
07/08/2020,30-39,6701,6532,169,1522,21,21,0
07/08/2020,40-49,6645,6457,188,1509,56,44,12
07/08/2020,50-59,7945,7709,236,1501,176,146,30
07/08/2020,60-69,6579,6366,213,1521,537,455,82
07/08/2020,70-79,4430,4192,238,1700,947,779,168
07/08/2020,80 and older,6961,6310,651,4240,2605,2025,580
07/09/2020,0-9,682,659,23,180,1,1,0
07/09/2020,10-19,1430,1374,56,311,1,1,0
07/09/2020,20-29,5807,5603,204,1246,4,4,0
07/09/2020,30-39,6707,6540,167,1523,21,21,0
07/09/2020,40-49,6655,6468,187,1511,56,44,12
07/09/2020,50-59,7956,7721,235,1503,176,146,30
07/09/2020,60-69,6589,6378,211,1523,537,455,82
07/09/2020,70-79,4434,4196,238,1701,947,779,168
07/09/2020,80 and older,6971,6320,651,4246,2605,2025,580
07/12/2020,0-9,689,666,23,182,1,1,0
07/12/2020,10-19,1458,1401,57,317,1,1,0
07/12/2020,20-29,5863,5658,205,1258,4,4,0
07/12/2020,30-39,6741,6573,168,1531,21,21,0
07/12/2020,40-49,6680,6493,187,1517,56,44,12
07/12/2020,50-59,7989,7752,237,1509,176,146,30
07/12/2020,60-69,6607,6396,211,1527,542,459,83
07/12/2020,70-79,4441,4207,234,1704,951,783,168
07/12/2020,80 and older,6986,6328,658,4255,2619,2033,586
07/13/2020,0-9,688,665,23,181,1,1,0
07/13/2020,10-19,1464,1406,58,318,1,1,0
07/13/2020,20-29,5871,5666,205,1260,4,4,0
07/13/2020,30-39,6743,6575,168,1531,21,21,0
07/13/2020,40-49,6679,6492,187,1516,57,45,12
07/13/2020,50-59,7991,7754,237,1509,178,148,30
07/13/2020,60-69,6608,6398,210,1527,540,458,82
07/13/2020,70-79,4443,4209,234,1705,952,784,168
07/13/2020,80 and older,6986,6332,654,4255,2618,2035,583
07/14/2020,0-9,693,670,23,183,1,1,0
07/14/2020,10-19,1473,1415,58,320,1,1,0
07/14/2020,20-29,5892,5687,205,1264,4,4,0
07/14/2020,30-39,6762,6594,168,1536,21,21,0
07/14/2020,40-49,6691,6504,187,1519,57,45,12
07/14/2020,50-59,8003,7766,237,1512,178,148,30
07/14/2020,60-69,6621,6411,210,1530,540,458,82
07/14/2020,70-79,4449,4215,234,1707,956,788,168
07/14/2020,80 and older,6992,6338,654,4259,2622,2039,583
07/15/2020,0-9,693,671,22,183,1,1,0
07/15/2020,10-19,1486,1429,57,323,1,1,0
07/15/2020,20-29,5925,5721,204,1271,4,4,0
07/15/2020,30-39,6779,6610,169,1539,21,21,0
07/15/2020,40-49,6704,6517,187,1522,57,45,12
07/15/2020,50-59,8021,7784,237,1515,178,148,30
07/15/2020,60-69,6641,6431,210,1535,542,460,82
07/15/2020,70-79,4448,4216,232,1707,956,789,167
07/15/2020,80 and older,6995,6341,654,4261,2629,2046,583
07/16/2020,0-9,697,675,22,184,1,1,0
07/16/2020,10-19,1500,1443,57,326,1,1,0
07/16/2020,20-29,5950,5745,205,1277,4,4,0
07/16/2020,30-39,6799,6630,169,1544,21,21,0
07/16/2020,40-49,6721,6534,187,1526,56,44,12
07/16/2020,50-59,8042,7804,238,1519,181,150,31
07/16/2020,60-69,6658,6448,210,1539,542,460,82
07/16/2020,70-79,4458,4225,233,1710,957,789,168
07/16/2020,80 and older,7011,6356,655,4271,2633,2049,584
07/19/2020,0-9,703,681,22,185,1,1,0
07/19/2020,10-19,1522,1465,57,331,1,1,0
07/19/2020,20-29,5994,5790,204,1286,4,4,0
07/19/2020,30-39,6821,6652,169,1549,21,21,0
07/19/2020,40-49,6745,6559,186,1531,56,44,12
07/19/2020,50-59,8062,7824,238,1523,181,150,31
07/19/2020,60-69,6662,6452,210,1540,542,460,82
07/19/2020,70-79,4466,4234,232,1714,958,790,168
07/19/2020,80 and older,7024,6365,659,4279,2642,2054,588
07/20/2020,0-9,705,683,22,186,1,1,0
07/20/2020,10-19,1535,1478,57,334,1,1,0
07/20/2020,20-29,6004,5800,204,1288,4,4,0
07/20/2020,30-39,6829,6660,169,1551,21,21,0
07/20/2020,40-49,6751,6565,186,1533,56,44,12
07/20/2020,50-59,8067,7832,235,1524,180,150,30
07/20/2020,60-69,6662,6452,210,1540,542,460,82
07/20/2020,70-79,4463,4232,231,1712,958,791,167
07/20/2020,80 and older,7024,6365,659,4279,2643,2055,588
07/21/2020,0-9,713,691,22,188,1,1,0
07/21/2020,10-19,1555,1490,65,338,1,1,0
07/21/2020,20-29,6031,5819,212,1294,4,4,0
07/21/2020,30-39,6842,6668,174,1554,21,21,0
07/21/2020,40-49,6758,6570,188,1534,56,44,12
07/21/2020,50-59,8091,7848,243,1528,180,150,30
07/21/2020,60-69,6674,6457,217,1543,542,460,82
07/21/2020,70-79,4471,4238,233,1715,957,790,167
07/21/2020,80 and older,7033,6374,659,4284,2644,2056,588
07/22/2020,0-9,714,692,22,188,1,1,0
07/22/2020,10-19,1563,1498,65,340,1,1,0
07/22/2020,20-29,6050,5838,212,1298,4,4,0
07/22/2020,30-39,6856,6683,173,1557,21,21,0
07/22/2020,40-49,6766,6578,188,1536,56,44,12
07/22/2020,50-59,8096,7854,242,1529,180,150,30
07/22/2020,60-69,6674,6456,218,1543,543,460,83
07/22/2020,70-79,4464,4231,233,1713,960,793,167
07/22/2020,80 and older,6994,6335,659,4260,2644,2056,588
07/23/2020,0-9,730,709,21,193,1,1,0
07/23/2020,10-19,1645,1585,60,358,1,1,0
07/23/2020,20-29,6170,5975,195,1324,4,4,0
07/23/2020,30-39,6938,6774,164,1576,21,21,0
07/23/2020,40-49,6844,6663,181,1554,56,44,12
07/23/2020,50-59,8165,7930,235,1542,180,150,30
07/23/2020,60-69,6724,6508,216,1554,543,460,83
07/23/2020,70-79,4483,4252,231,1720,960,793,167
07/23/2020,80 and older,7022,6362,660,4277,2647,2057,590
07/26/2020,0-9,744,723,21,196,1,1,0
07/26/2020,10-19,1690,1620,70,368,1,1,0
07/26/2020,20-29,6225,6026,199,1336,4,4,0
07/26/2020,30-39,6979,6815,164,1585,21,21,0
07/26/2020,40-49,6857,6673,184,1557,56,44,12
07/26/2020,50-59,8190,7953,237,1547,180,150,30
07/26/2020,60-69,6730,6513,217,1556,542,459,83
07/26/2020,70-79,4491,4260,231,1723,961,794,167
07/26/2020,80 and older,7022,6363,659,4277,2652,2062,590
07/27/2020,0-9,749,728,21,198,1,1,0
07/27/2020,10-19,1709,1640,69,372,1,1,0
07/27/2020,20-29,6244,6045,199,1340,4,4,0
07/27/2020,30-39,6991,6827,164,1588,21,21,0
07/27/2020,40-49,6870,6686,184,1560,57,45,12
07/27/2020,50-59,8202,7965,237,1549,181,151,30
07/27/2020,60-69,6736,6519,217,1557,542,459,83
07/27/2020,70-79,4496,4266,230,1725,962,796,166
07/27/2020,80 and older,7025,6365,660,4279,2654,2063,591
07/28/2020,0-9,757,736,21,200,1,1,0
07/28/2020,10-19,1740,1676,64,378,1,1,0
07/28/2020,20-29,6330,6141,189,1358,4,4,0
07/28/2020,30-39,7099,6936,163,1612,21,21,0
07/28/2020,40-49,6948,6766,182,1578,57,45,12
07/28/2020,50-59,8282,8050,232,1564,182,152,30
07/28/2020,60-69,6775,6564,211,1566,542,460,82
07/28/2020,70-79,4508,4278,230,1730,962,796,166
07/28/2020,80 and older,7046,6386,660,4292,2655,2064,591
07/29/2020,0-9,763,742,21,201,1,1,0
07/29/2020,10-19,1775,1711,64,386,1,1,0
07/29/2020,20-29,6357,6168,189,1364,4,4,0
07/29/2020,30-39,7122,6962,160,1617,21,21,0
07/29/2020,40-49,6953,6771,182,1579,57,45,12
07/29/2020,50-59,8299,8069,230,1567,182,152,30
07/29/2020,60-69,6784,6574,210,1568,542,460,82
07/29/2020,70-79,4514,4284,230,1732,964,798,166
07/29/2020,80 and older,7048,6388,660,4293,2659,2068,591
07/30/2020,0-9,775,753,22,204,1,1,0
07/30/2020,10-19,1797,1732,65,391,1,1,0
07/30/2020,20-29,6395,6206,189,1372,4,4,0
07/30/2020,30-39,7149,6987,162,1624,21,21,0
07/30/2020,40-49,6974,6793,181,1583,57,45,12
07/30/2020,50-59,8315,8084,231,1571,182,152,30
07/30/2020,60-69,6789,6579,210,1569,543,461,82
07/30/2020,70-79,4513,4284,229,1732,964,798,166
07/30/2020,80 and older,7048,6388,660,4293,2659,2068,591
08/02/2020,0-9,788,766,22,208,1,1,0
08/02/2020,10-19,1841,1775,66,400,1,1,0
08/02/2020,20-29,6450,6256,194,1384,4,4,0
08/02/2020,30-39,7199,7035,164,1635,21,21,0
08/02/2020,40-49,7012,6829,183,1592,57,45,12
08/02/2020,50-59,8344,8111,233,1576,182,152,30
08/02/2020,60-69,6804,6594,210,1573,544,462,82
08/02/2020,70-79,4519,4289,230,1734,966,799,167
08/02/2020,80 and older,7051,6391,660,4295,2661,2070,591
08/03/2020,0-9,786,764,22,207,1,1,0
08/03/2020,10-19,1848,1782,66,402,1,1,0
08/03/2020,20-29,6463,6269,194,1387,4,4,0
08/03/2020,30-39,7208,7045,163,1637,21,21,0
08/03/2020,40-49,7022,6838,184,1594,57,45,12
08/03/2020,50-59,8347,8115,232,1577,182,152,30
08/03/2020,60-69,6808,6598,210,1574,544,462,82
08/03/2020,70-79,4522,4292,230,1735,966,799,167
08/03/2020,80 and older,7052,6392,660,4296,2661,2070,591
08/04/2020,0-9,793,771,22,209,1,1,0
08/04/2020,10-19,1869,1802,67,406,1,1,0
08/04/2020,20-29,6481,6287,194,1391,4,4,0
08/04/2020,30-39,7231,7068,163,1642,21,21,0
08/04/2020,40-49,7042,6859,183,1599,57,45,12
08/04/2020,50-59,8358,8127,231,1579,182,152,30
08/04/2020,60-69,6816,6606,210,1575,544,462,82
08/04/2020,70-79,4527,4297,230,1737,966,799,167
08/04/2020,80 and older,7054,6394,660,4297,2661,2070,591
08/05/2020,0-9,792,770,22,209,1,1,0
08/05/2020,10-19,1871,1804,67,407,1,1,0
08/05/2020,20-29,6484,6289,195,1391,4,4,0
08/05/2020,30-39,7233,7069,164,1643,21,21,0
08/05/2020,40-49,7046,6863,183,1600,57,45,12
08/05/2020,50-59,8363,8129,234,1580,182,152,30
08/05/2020,60-69,6817,6607,210,1576,544,462,82
08/05/2020,70-79,4529,4299,230,1738,967,800,167
08/05/2020,80 and older,7054,6394,660,4297,2660,2069,591
08/06/2020,0-9,795,772,23,210,1,1,0
08/06/2020,10-19,1880,1813,67,409,1,1,0
08/06/2020,20-29,6499,6304,195,1395,4,4,0
08/06/2020,30-39,7239,7076,163,1644,21,21,0
08/06/2020,40-49,7056,6872,184,1602,57,45,12
08/06/2020,50-59,8380,8146,234,1583,182,152,30
08/06/2020,60-69,6826,6615,211,1578,544,462,82
08/06/2020,70-79,4531,4301,230,1738,967,800,167
08/06/2020,80 and older,7056,6395,661,4298,2664,2072,592
08/09/2020,0-9,810,787,23,214,1,1,0
08/09/2020,10-19,1915,1847,68,416,1,1,0
08/09/2020,20-29,6547,6348,199,1405,4,4,0
08/09/2020,30-39,7281,7115,166,1653,21,21,0
08/09/2020,40-49,7101,6912,189,1612,57,45,12
08/09/2020,50-59,8414,8180,234,1589,182,152,30
08/09/2020,60-69,6844,6633,211,1582,544,462,82
08/09/2020,70-79,4538,4307,231,1741,967,800,167
08/09/2020,80 and older,7059,6397,662,4300,2667,2074,593
08/10/2020,0-9,817,794,23,215,1,1,0
08/10/2020,10-19,1927,1858,69,419,1,1,0
08/10/2020,20-29,6572,6370,202,1410,4,4,0
08/10/2020,30-39,7297,7132,165,1657,21,21,0
08/10/2020,40-49,7118,6929,189,1616,57,45,12
08/10/2020,50-59,8430,8194,236,1592,182,152,30
08/10/2020,60-69,6853,6642,211,1584,544,462,82
08/10/2020,70-79,4547,4316,231,1745,967,800,167
08/10/2020,80 and older,7063,6402,661,4302,2667,2075,592
08/11/2020,0-9,817,794,23,215,1,1,0
08/11/2020,10-19,1932,1862,70,420,1,1,0
08/11/2020,20-29,6573,6371,202,1410,4,4,0
08/11/2020,30-39,7299,7134,165,1658,21,21,0
08/11/2020,40-49,7121,6931,190,1617,57,45,12
08/11/2020,50-59,8435,8197,238,1593,182,152,30
08/11/2020,60-69,6856,6645,211,1585,546,463,83
08/11/2020,70-79,4549,4316,233,1745,968,801,167
08/11/2020,80 and older,7064,6402,662,4303,2670,2078,592
08/12/2020,0-9,820,797,23,216,1,1,0
08/12/2020,10-19,1947,1877,70,423,1,1,0
08/12/2020,20-29,6591,6386,205,1414,4,4,0
08/12/2020,30-39,7314,7146,168,1661,21,21,0
08/12/2020,40-49,7132,6941,191,1619,57,45,12
08/12/2020,50-59,8440,8202,238,1594,182,152,30
08/12/2020,60-69,6867,6656,211,1587,546,463,83
08/12/2020,70-79,4550,4317,233,1746,968,801,167
08/12/2020,80 and older,7067,6405,662,4305,2670,2078,592
08/13/2020,0-9,826,804,22,218,1,1,0
08/13/2020,10-19,1955,1886,69,425,1,1,0
08/13/2020,20-29,6620,6415,205,1420,4,4,0
08/13/2020,30-39,7331,7164,167,1665,21,21,0
08/13/2020,40-49,7151,6959,192,1624,57,45,12
08/13/2020,50-59,8455,8216,239,1597,182,152,30
08/13/2020,60-69,6879,6667,212,1590,546,463,83
08/13/2020,70-79,4556,4321,235,1748,968,801,167
08/13/2020,80 and older,7071,6409,662,4307,2673,2081,592
08/16/2020,0-9,846,823,23,223,1,1,0
08/16/2020,10-19,2009,1939,70,437,1,1,0
08/16/2020,20-29,6694,6487,207,1436,4,4,0
08/16/2020,30-39,7407,7237,170,1682,21,21,0
08/16/2020,40-49,7205,7012,193,1636,57,45,12
08/16/2020,50-59,8502,8261,241,1606,182,152,30
08/16/2020,60-69,6900,6691,209,1595,546,463,83
08/16/2020,70-79,4572,4337,235,1754,971,804,167
08/16/2020,80 and older,7079,6418,661,4312,2673,2081,592
08/17/2020,0-9,846,823,23,223,1,1,0
08/17/2020,10-19,2012,1941,71,438,1,1,0
08/17/2020,20-29,6697,6490,207,1437,4,4,0
08/17/2020,30-39,7407,7236,171,1682,21,21,0
08/17/2020,40-49,7204,7011,193,1636,57,45,12
08/17/2020,50-59,8500,8259,241,1605,182,152,30
08/17/2020,60-69,6897,6688,209,1594,546,463,83
08/17/2020,70-79,4567,4332,235,1752,971,804,167
08/17/2020,80 and older,7072,6410,662,4308,2673,2080,593
08/18/2020,0-9,848,825,23,224,1,1,0
08/18/2020,10-19,2023,1950,73,440,1,1,0
08/18/2020,20-29,6707,6497,210,1439,4,4,0
08/18/2020,30-39,7419,7249,170,1685,21,21,0
08/18/2020,40-49,7211,7017,194,1637,57,45,12
08/18/2020,50-59,8510,8268,242,1607,182,152,30
08/18/2020,60-69,6901,6692,209,1595,546,463,83
08/18/2020,70-79,4567,4332,235,1752,971,804,167
08/18/2020,80 and older,7075,6413,662,4310,2674,2081,593
08/19/2020,0-9,856,833,23,226,1,1,0
08/19/2020,10-19,2035,1962,73,443,1,1,0
08/19/2020,20-29,6733,6520,213,1445,4,4,0
08/19/2020,30-39,7436,7264,172,1689,21,21,0
08/19/2020,40-49,7225,7032,193,1640,57,45,12
08/19/2020,50-59,8529,8285,244,1611,182,152,30
08/19/2020,60-69,6910,6701,209,1597,546,463,83
08/19/2020,70-79,4575,4341,234,1755,971,804,167
08/19/2020,80 and older,7080,6418,662,4313,2675,2081,594
08/20/2020,0-9,862,839,23,227,1,1,0
08/20/2020,10-19,2050,1975,75,446,1,1,0
08/20/2020,20-29,6751,6536,215,1449,4,4,0
08/20/2020,30-39,7442,7268,174,1690,21,21,0
08/20/2020,40-49,7237,7042,195,1643,57,45,12
08/20/2020,50-59,8540,8293,247,1613,183,153,30
08/20/2020,60-69,6919,6709,210,1599,546,463,83
08/20/2020,70-79,4578,4344,234,1756,972,805,167
08/20/2020,80 and older,7087,6425,662,4317,2675,2081,594
08/23/2020,0-9,890,864,26,235,1,1,0
08/23/2020,10-19,2124,2046,78,462,1,1,0
08/23/2020,20-29,6872,6648,224,1475,4,4,0
08/23/2020,30-39,7533,7351,182,1711,21,21,0
08/23/2020,40-49,7305,7106,199,1659,57,45,12
08/23/2020,50-59,8606,8359,247,1625,183,153,30
08/23/2020,60-69,6940,6730,210,1604,546,463,83
08/23/2020,70-79,4594,4358,236,1763,972,805,167
08/23/2020,80 and older,7094,6432,662,4321,2675,2081,594
08/24/2020,0-9,894,868,26,236,1,1,0
08/24/2020,10-19,2129,2051,78,463,1,1,0
08/24/2020,20-29,6884,6659,225,1477,4,4,0
08/24/2020,30-39,7542,7361,181,1713,21,21,0
08/24/2020,40-49,7308,7108,200,1659,57,45,12
08/24/2020,50-59,8611,8364,247,1626,183,153,30
08/24/2020,60-69,6944,6734,210,1605,546,463,83
08/24/2020,70-79,4594,4358,236,1763,975,808,167
08/24/2020,80 and older,7090,6432,658,4319,2675,2084,591
08/25/2020,0-9,904,878,26,238,1,1,0
08/25/2020,10-19,2152,2072,80,468,1,1,0
08/25/2020,20-29,6936,6704,232,1488,4,4,0
08/25/2020,30-39,7573,7390,183,1720,21,21,0
08/25/2020,40-49,7338,7138,200,1666,57,45,12
08/25/2020,50-59,8633,8384,249,1631,183,153,30
08/25/2020,60-69,6958,6746,212,1608,546,463,83
08/25/2020,70-79,4598,4361,237,1764,974,806,168
08/25/2020,80 and older,7094,6435,659,4321,2676,2085,591
08/26/2020,0-9,912,885,27,241,1,1,0
08/26/2020,10-19,2178,2096,82,474,1,1,0
08/26/2020,20-29,6965,6733,232,1495,4,4,0
08/26/2020,30-39,7600,7415,185,1726,21,21,0
08/26/2020,40-49,7351,7150,201,1669,57,45,12
08/26/2020,50-59,8650,8399,251,1634,183,153,30
08/26/2020,60-69,6969,6757,212,1611,547,463,84
08/26/2020,70-79,4602,4364,238,1766,975,807,168
08/26/2020,80 and older,7096,6437,659,4322,2676,2084,592
08/27/2020,0-9,922,895,27,243,1,1,0
08/27/2020,10-19,2210,2125,85,481,1,1,0
08/27/2020,20-29,7004,6764,240,1503,4,4,0
08/27/2020,30-39,7622,7435,187,1731,21,21,0
08/27/2020,40-49,7366,7165,201,1672,57,45,12
08/27/2020,50-59,8662,8411,251,1636,183,153,30
08/27/2020,60-69,6978,6766,212,1613,547,463,84
08/27/2020,70-79,4606,4368,238,1767,975,807,168
08/27/2020,80 and older,7098,6439,659,4324,2676,2084,592
08/30/2020,0-9,941,915,26,248,1,1,0
08/30/2020,10-19,2273,2187,86,494,1,1,0
08/30/2020,20-29,7102,6856,246,1524,4,4,0
08/30/2020,30-39,7692,7503,189,1747,21,21,0
08/30/2020,40-49,7417,7212,205,1684,57,45,12
08/30/2020,50-59,8717,8459,258,1646,183,153,30
08/30/2020,60-69,6994,6782,212,1617,547,463,84
08/30/2020,70-79,4610,4373,237,1769,974,807,167
08/30/2020,80 and older,7106,6447,659,4329,2677,2085,592
08/31/2020,0-9,945,919,26,249,1,1,0
08/31/2020,10-19,2291,2206,85,498,1,1,0
08/31/2020,20-29,7144,6898,246,1533,4,4,0
08/31/2020,30-39,7718,7529,189,1753,21,21,0
08/31/2020,40-49,7422,7218,204,1685,57,45,12
08/31/2020,50-59,8732,8475,257,1649,183,153,30
08/31/2020,60-69,6999,6787,212,1618,547,463,84
08/31/2020,70-79,4618,4381,237,1772,975,808,167
08/31/2020,80 and older,7110,6451,659,4331,2677,2085,592
09/01/2020,0-9,949,922,27,250,1,1,0
09/01/2020,10-19,2314,2226,88,503,1,1,0
09/01/2020,20-29,7161,6913,248,1537,4,4,0
09/01/2020,30-39,7737,7549,188,1757,21,21,0
09/01/2020,40-49,7433,7228,205,1688,57,45,12
09/01/2020,50-59,8746,8488,258,1652,183,153,30
09/01/2020,60-69,7008,6796,212,1620,547,463,84
09/01/2020,70-79,4621,4384,237,1773,976,809,167
09/01/2020,80 and older,7112,6453,659,4332,2677,2085,592
09/02/2020,0-9,953,926,27,251,1,1,0
09/02/2020,10-19,2331,2241,90,507,1,1,0
09/02/2020,20-29,7188,6939,249,1542,4,4,0
09/02/2020,30-39,7748,7560,188,1760,21,21,0
09/02/2020,40-49,7444,7240,204,1690,57,45,12
09/02/2020,50-59,8760,8501,259,1655,183,153,30
09/02/2020,60-69,7017,6805,212,1622,548,464,84
09/02/2020,70-79,4623,4386,237,1774,976,809,167
09/02/2020,80 and older,7118,6459,659,4336,2677,2085,592
09/03/2020,0-9,960,932,28,253,1,1,0
09/03/2020,10-19,2357,2267,90,513,1,1,0
09/03/2020,20-29,7234,6981,253,1552,4,4,0
09/03/2020,30-39,7764,7574,190,1763,21,21,0
09/03/2020,40-49,7465,7258,207,1695,57,45,12
09/03/2020,50-59,8779,8520,259,1658,183,153,30
09/03/2020,60-69,7028,6815,213,1624,548,464,84
09/03/2020,70-79,4630,4393,237,1776,976,809,167
09/03/2020,80 and older,7121,6462,659,4338,2677,2085,592
09/07/2020,0-9,972,944,28,256,1,1,0
09/07/2020,10-19,2438,2337,101,530,1,1,0
09/07/2020,20-29,7355,7091,264,1578,4,4,0
09/07/2020,30-39,7832,7629,203,1779,21,21,0
09/07/2020,40-49,7499,7289,210,1703,58,46,12
09/07/2020,50-59,8829,8567,262,1668,184,154,30
09/07/2020,60-69,7051,6837,214,1630,550,466,84
09/07/2020,70-79,4648,4410,238,1783,977,810,167
09/07/2020,80 and older,7131,6471,660,4344,2678,2086,592
09/08/2020,0-9,975,947,28,257,1,1,0
09/08/2020,10-19,2459,2350,109,535,1,1,0
09/08/2020,20-29,7383,7114,269,1584,4,4,0
09/08/2020,30-39,7845,7640,205,1782,21,21,0
09/08/2020,40-49,7504,7294,210,1704,58,46,12
09/08/2020,50-59,8840,8577,263,1670,184,154,30
09/08/2020,60-69,7053,6838,215,1630,550,466,84
09/08/2020,70-79,4649,4411,238,1784,977,810,167
09/08/2020,80 and older,7136,6476,660,4347,2678,2086,592
09/09/2020,0-9,981,952,29,259,1,1,0
09/09/2020,10-19,2490,2382,108,542,1,1,0
09/09/2020,20-29,7455,7180,275,1600,4,4,0
09/09/2020,30-39,7874,7667,207,1788,21,21,0
09/09/2020,40-49,7535,7324,211,1711,58,46,12
09/09/2020,50-59,8864,8599,265,1674,184,154,30
09/09/2020,60-69,7072,6857,215,1635,552,468,84
09/09/2020,70-79,4654,4416,238,1786,978,811,167
09/09/2020,80 and older,7141,6481,660,4350,2679,2087,592
09/10/2020,0-9,993,964,29,262,1,1,0
09/10/2020,10-19,2540,2427,113,552,1,1,0
09/10/2020,20-29,7528,7250,278,1615,4,4,0
09/10/2020,30-39,7905,7700,205,1795,21,21,0
09/10/2020,40-49,7567,7349,218,1718,58,46,12
09/10/2020,50-59,8887,8620,267,1679,184,154,30
09/10/2020,60-69,7079,6864,215,1636,552,468,84
09/10/2020,70-79,4657,4419,238,1787,978,811,167
09/10/2020,80 and older,7143,6483,660,4351,2681,2089,592
09/13/2020,0-9,1026,996,30,271,1,1,0
09/13/2020,10-19,2637,2518,119,574,1,1,0
09/13/2020,20-29,7677,7383,294,1647,4,4,0
09/13/2020,30-39,8003,7794,209,1817,21,21,0
09/13/2020,40-49,7627,7407,220,1732,58,46,12
09/13/2020,50-59,8960,8691,269,1692,184,153,31
09/13/2020,60-69,7108,6894,214,1643,552,468,84
09/13/2020,70-79,4678,4436,242,1795,981,811,170
09/13/2020,80 and older,7152,6486,666,4357,2683,2085,598
09/14/2020,0-9,1034,1004,30,273,1,1,0
09/14/2020,10-19,2663,2544,119,579,1,1,0
09/14/2020,20-29,7710,7422,288,1654,4,4,0
09/14/2020,30-39,8023,7814,209,1822,21,21,0
09/14/2020,40-49,7646,7426,220,1736,58,46,12
09/14/2020,50-59,8972,8704,268,1695,184,153,31
09/14/2020,60-69,7124,6910,214,1647,552,468,84
09/14/2020,70-79,4679,4437,242,1795,981,811,170
09/14/2020,80 and older,7153,6487,666,4357,2683,2085,598
09/15/2020,0-9,1042,1012,30,275,1,1,0
09/15/2020,10-19,2684,2559,125,584,1,1,0
09/15/2020,20-29,7734,7442,292,1660,4,4,0
09/15/2020,30-39,8044,7829,215,1827,21,21,0
09/15/2020,40-49,7669,7446,223,1741,58,46,12
09/15/2020,50-59,8991,8720,271,1698,184,153,31
09/15/2020,60-69,7131,6917,214,1648,552,468,84
09/15/2020,70-79,4685,4442,243,1798,982,812,170
09/15/2020,80 and older,7159,6492,667,4361,2684,2086,598
09/16/2020,0-9,1059,1030,29,279,1,1,0
09/16/2020,10-19,2725,2599,126,593,1,1,0
09/16/2020,20-29,7781,7486,295,1670,4,4,0
09/16/2020,30-39,8088,7869,219,1837,21,21,0
09/16/2020,40-49,7698,7471,227,1748,58,46,12
09/16/2020,50-59,9012,8741,271,1702,184,153,31
09/16/2020,60-69,7151,6937,214,1653,553,469,84
09/16/2020,70-79,4686,4443,243,1798,981,811,170
09/16/2020,80 and older,7159,6492,667,4361,2685,2087,598
09/17/2020,0-9,1075,1045,30,284,1,1,0
09/17/2020,10-19,2743,2614,129,597,1,1,0
09/17/2020,20-29,7818,7520,298,1678,4,4,0
09/17/2020,30-39,8102,7882,220,1840,21,21,0
09/17/2020,40-49,7723,7495,228,1753,58,46,12
09/17/2020,50-59,9026,8754,272,1705,184,153,31
09/17/2020,60-69,7159,6945,214,1655,553,469,84
09/17/2020,70-79,4691,4448,243,1800,983,813,170
09/17/2020,80 and older,7163,6496,667,4363,2687,2089,598
09/20/2020,0-9,1106,1074,32,292,1,1,0
09/20/2020,10-19,2818,2686,132,613,1,1,0
09/20/2020,20-29,7928,7618,310,1701,4,4,0
09/20/2020,30-39,8180,7959,221,1858,21,21,0
09/20/2020,40-49,7784,7555,229,1767,58,46,12
09/20/2020,50-59,9099,8824,275,1719,185,154,31
09/20/2020,60-69,7197,6982,215,1663,554,470,84
09/20/2020,70-79,4712,4469,243,1808,984,814,170
09/20/2020,80 and older,7172,6505,667,4369,2687,2089,598
09/21/2020,0-9,1111,1079,32,293,1,1,0
09/21/2020,10-19,2845,2711,134,619,1,1,0
09/21/2020,20-29,7961,7647,314,1708,4,4,0
09/21/2020,30-39,8191,7969,222,1860,21,21,0
09/21/2020,40-49,7804,7570,234,1772,58,46,12
09/21/2020,50-59,9121,8844,277,1723,185,154,31
09/21/2020,60-69,7207,6992,215,1666,554,470,84
09/21/2020,70-79,4719,4476,243,1811,984,814,170
09/21/2020,80 and older,7173,6506,667,4369,2688,2090,598
09/22/2020,0-9,1121,1088,33,296,1,1,0
09/22/2020,10-19,2868,2733,135,624,1,1,0
09/22/2020,20-29,7993,7681,312,1715,4,4,0
09/22/2020,30-39,8220,7999,221,1867,21,21,0
09/22/2020,40-49,7824,7592,232,1776,58,46,12
09/22/2020,50-59,9139,8862,277,1726,185,154,31
09/22/2020,60-69,7221,7005,216,1669,554,470,84
09/22/2020,70-79,4724,4480,244,1812,984,814,170
09/22/2020,80 and older,7177,6509,668,4372,2689,2090,599
09/23/2020,0-9,1126,1093,33,297,1,1,0
09/23/2020,10-19,2884,2747,137,627,1,1,0
09/23/2020,20-29,8018,7705,313,1720,4,4,0
09/23/2020,30-39,8251,8027,224,1874,21,21,0
09/23/2020,40-49,7851,7616,235,1783,58,46,12
09/23/2020,50-59,9166,8886,280,1731,185,154,31
09/23/2020,60-69,7240,7023,217,1673,555,471,84
09/23/2020,70-79,4726,4482,244,1813,984,814,170
09/23/2020,80 and older,7182,6514,668,4375,2690,2091,599
09/24/2020,0-9,1128,1095,33,298,1,1,0
09/24/2020,10-19,2903,2764,139,631,1,1,0
09/24/2020,20-29,8044,7727,317,1726,4,4,0
09/24/2020,30-39,8268,8042,226,1878,21,21,0
09/24/2020,40-49,7865,7630,235,1786,58,46,12
09/24/2020,50-59,9186,8905,281,1735,186,154,32
09/24/2020,60-69,7254,7034,220,1677,555,471,84
09/24/2020,70-79,4728,4484,244,1814,984,814,170
09/24/2020,80 and older,7183,6515,668,4375,2691,2092,599
