"age","cum.deaths","daily.deaths","code","date"
"65+",220,NA,"OK",2020-05-13
"50-64",48,NA,"OK",2020-05-13
"36-49",6,NA,"OK",2020-05-13
"18-35",4,NA,"OK",2020-05-13
"5-17",0,NA,"OK",2020-05-13
"0-4",0,NA,"OK",2020-05-13
"65+",225,5,"OK",2020-05-14
"50-64",49,1,"OK",2020-05-14
"36-49",6,0,"OK",2020-05-14
"18-35",4,0,"OK",2020-05-14
"5-17",0,0,"OK",2020-05-14
"0-4",0,0,"OK",2020-05-14
"65+",226,1,"OK",2020-05-15
"50-64",49,0,"OK",2020-05-15
"36-49",6,0,"OK",2020-05-15
"18-35",4,0,"OK",2020-05-15
"5-17",0,0,"OK",2020-05-15
"0-4",0,0,"OK",2020-05-15
"65+",228,2,"OK",2020-05-16
"50-64",50,1,"OK",2020-05-16
"36-49",6,0,"OK",2020-05-16
"18-35",4,0,"OK",2020-05-16
"5-17",0,0,"OK",2020-05-16
"0-4",0,0,"OK",2020-05-16
"65+",228,0,"OK",2020-05-17
"50-64",50,0,"OK",2020-05-17
"36-49",6,0,"OK",2020-05-17
"18-35",4,0,"OK",2020-05-17
"5-17",0,0,"OK",2020-05-17
"0-4",0,0,"OK",2020-05-17
"65+",228,0,"OK",2020-05-18
"50-64",50,0,"OK",2020-05-18
"36-49",6,0,"OK",2020-05-18
"18-35",4,0,"OK",2020-05-18
"5-17",0,0,"OK",2020-05-18
"0-4",0,0,"OK",2020-05-18
"65+",234,6,"OK",2020-05-19
"50-64",50,0,"OK",2020-05-19
"36-49",6,0,"OK",2020-05-19
"18-35",4,0,"OK",2020-05-19
"5-17",0,0,"OK",2020-05-19
"0-4",0,0,"OK",2020-05-19
"65+",239,5,"OK",2020-05-20
"50-64",50,0,"OK",2020-05-20
"36-49",6,0,"OK",2020-05-20
"18-35",4,0,"OK",2020-05-20
"5-17",0,0,"OK",2020-05-20
"0-4",0,0,"OK",2020-05-20
"65+",243,4,"OK",2020-05-21
"50-64",51,1,"OK",2020-05-21
"36-49",6,0,"OK",2020-05-21
"18-35",4,0,"OK",2020-05-21
"5-17",0,0,"OK",2020-05-21
"0-4",0,0,"OK",2020-05-21
"65+",245,2,"OK",2020-05-22
"50-64",52,1,"OK",2020-05-22
"36-49",6,0,"OK",2020-05-22
"18-35",4,0,"OK",2020-05-22
"5-17",0,0,"OK",2020-05-22
"0-4",0,0,"OK",2020-05-22
"65+",248,3,"OK",2020-05-23
"50-64",53,1,"OK",2020-05-23
"36-49",6,0,"OK",2020-05-23
"18-35",4,0,"OK",2020-05-23
"5-17",0,0,"OK",2020-05-23
"0-4",0,0,"OK",2020-05-23
"65+",248,0,"OK",2020-05-24
"50-64",53,0,"OK",2020-05-24
"36-49",6,0,"OK",2020-05-24
"18-35",4,0,"OK",2020-05-24
"5-17",0,0,"OK",2020-05-24
"0-4",0,0,"OK",2020-05-24
"65+",249,1,"OK",2020-05-25
"50-64",53,0,"OK",2020-05-25
"36-49",7,1,"OK",2020-05-25
"18-35",4,0,"OK",2020-05-25
"5-17",0,0,"OK",2020-05-25
"0-4",0,0,"OK",2020-05-25
"65+",253,4,"OK",2020-05-26
"50-64",54,1,"OK",2020-05-26
"36-49",7,0,"OK",2020-05-26
"18-35",4,0,"OK",2020-05-26
"5-17",0,0,"OK",2020-05-26
"0-4",0,0,"OK",2020-05-26
"65+",257,4,"OK",2020-05-27
"50-64",54,0,"OK",2020-05-27
"36-49",7,0,"OK",2020-05-27
"18-35",4,0,"OK",2020-05-27
"5-17",0,0,"OK",2020-05-27
"0-4",0,0,"OK",2020-05-27
"65+",261,4,"OK",2020-05-28
"50-64",54,0,"OK",2020-05-28
"36-49",7,0,"OK",2020-05-28
"18-35",4,0,"OK",2020-05-28
"5-17",0,0,"OK",2020-05-28
"0-4",0,0,"OK",2020-05-28
"65+",264,3,"OK",2020-05-29
"50-64",54,0,"OK",2020-05-29
"36-49",7,0,"OK",2020-05-29
"18-35",4,0,"OK",2020-05-29
"5-17",0,0,"OK",2020-05-29
"0-4",0,0,"OK",2020-05-29
"65+",269,5,"OK",2020-05-30
"50-64",54,0,"OK",2020-05-30
"36-49",7,0,"OK",2020-05-30
"18-35",4,0,"OK",2020-05-30
"5-17",0,0,"OK",2020-05-30
"0-4",0,0,"OK",2020-05-30
"65+",269,0,"OK",2020-05-31
"50-64",54,0,"OK",2020-05-31
"36-49",7,0,"OK",2020-05-31
"18-35",4,0,"OK",2020-05-31
"5-17",0,0,"OK",2020-05-31
"0-4",0,0,"OK",2020-05-31
"65+",269,0,"OK",2020-06-01
"50-64",54,0,"OK",2020-06-01
"36-49",7,0,"OK",2020-06-01
"18-35",4,0,"OK",2020-06-01
"5-17",0,0,"OK",2020-06-01
"0-4",0,0,"OK",2020-06-01
"65+",273,4,"OK",2020-06-02
"50-64",55,1,"OK",2020-06-02
"36-49",7,0,"OK",2020-06-02
"18-35",4,0,"OK",2020-06-02
"5-17",0,0,"OK",2020-06-02
"0-4",0,0,"OK",2020-06-02
"65+",275,2,"OK",2020-06-03
"50-64",55,0,"OK",2020-06-03
"36-49",7,0,"OK",2020-06-03
"18-35",4,0,"OK",2020-06-03
"0-4",0,0,"OK",2020-06-03
"5-17",0,0,"OK",2020-06-03
"65+",277,2,"OK",2020-06-04
"50-64",55,0,"OK",2020-06-04
"36-49",8,1,"OK",2020-06-04
"18-35",4,0,"OK",2020-06-04
"0-4",0,0,"OK",2020-06-04
"5-17",0,0,"OK",2020-06-04
"0-4",0,0,"OK",2020-06-05
"5-17",0,0,"OK",2020-06-05
"18-35",4,0,"OK",2020-06-05
"36-49",8,0,"OK",2020-06-05
"50-64",55,0,"OK",2020-06-05
"65+",278,1,"OK",2020-06-05
"65+",280,2,"OK",2020-06-06
"50-64",55,0,"OK",2020-06-06
"36-49",8,0,"OK",2020-06-06
"18-35",4,0,"OK",2020-06-06
"5-17",0,0,"OK",2020-06-06
"0-4",0,0,"OK",2020-06-06
"65+",281,1,"OK",2020-06-07
"50-64",55,0,"OK",2020-06-07
"36-49",8,0,"OK",2020-06-07
"18-35",4,0,"OK",2020-06-07
"5-17",0,0,"OK",2020-06-07
"0-4",0,0,"OK",2020-06-07
"0-4",0,0,"OK",2020-06-08
"5-17",0,0,"OK",2020-06-08
"18-35",4,0,"OK",2020-06-08
"36-49",8,0,"OK",2020-06-08
"50-64",55,0,"OK",2020-06-08
"65+",281,0,"OK",2020-06-08
"65+",284,3,"OK",2020-06-09
"50-64",56,1,"OK",2020-06-09
"36-49",8,0,"OK",2020-06-09
"18-35",5,1,"OK",2020-06-09
"5-17",0,0,"OK",2020-06-09
"0-4",0,0,"OK",2020-06-09
"65+",286,2,"OK",2020-06-10
"50-64",56,0,"OK",2020-06-10
"36-49",8,0,"OK",2020-06-10
"18-35",5,0,"OK",2020-06-10
"5-17",0,0,"OK",2020-06-10
"0-4",0,0,"OK",2020-06-10
"65+",287,1,"OK",2020-06-11
"50-64",57,1,"OK",2020-06-11
"36-49",8,0,"OK",2020-06-11
"18-35",5,0,"OK",2020-06-11
"5-17",0,0,"OK",2020-06-11
"0-4",0,0,"OK",2020-06-11
"65+",289,2,"OK",2020-06-12
"50-64",57,0,"OK",2020-06-12
"36-49",8,0,"OK",2020-06-12
"18-35",5,0,"OK",2020-06-12
"5-17",0,0,"OK",2020-06-12
"0-4",0,0,"OK",2020-06-12
"65+",289,0,"OK",2020-06-13
"50-64",57,0,"OK",2020-06-13
"36-49",8,0,"OK",2020-06-13
"18-35",5,0,"OK",2020-06-13
"5-17",0,0,"OK",2020-06-13
"0-4",0,0,"OK",2020-06-13
"65+",289,0,"OK",2020-06-14
"50-64",57,0,"OK",2020-06-14
"36-49",8,0,"OK",2020-06-14
"18-35",5,0,"OK",2020-06-14
"5-17",0,0,"OK",2020-06-14
"0-4",0,0,"OK",2020-06-14
"65+",289,0,"OK",2020-06-15
"50-64",57,0,"OK",2020-06-15
"36-49",8,0,"OK",2020-06-15
"18-35",5,0,"OK",2020-06-15
"5-17",0,0,"OK",2020-06-15
"0-4",0,0,"OK",2020-06-15
"65+",291,2,"OK",2020-06-16
"50-64",58,1,"OK",2020-06-16
"36-49",8,0,"OK",2020-06-16
"18-35",6,1,"OK",2020-06-16
"5-17",0,0,"OK",2020-06-16
"0-4",0,0,"OK",2020-06-16
"65+",292,1,"OK",2020-06-17
"50-64",58,0,"OK",2020-06-17
"36-49",8,0,"OK",2020-06-17
"18-35",6,0,"OK",2020-06-17
"5-17",0,0,"OK",2020-06-17
"0-4",0,0,"OK",2020-06-17
"65+",294,2,"OK",2020-06-18
"50-64",58,0,"OK",2020-06-18
"36-49",8,0,"OK",2020-06-18
"18-35",6,0,"OK",2020-06-18
"5-17",0,0,"OK",2020-06-18
"0-4",0,0,"OK",2020-06-18
"65+",295,1,"OK",2020-06-19
"50-64",58,0,"OK",2020-06-19
"36-49",8,0,"OK",2020-06-19
"18-35",6,0,"OK",2020-06-19
"5-17",0,0,"OK",2020-06-19
"0-4",0,0,"OK",2020-06-19
"65+",296,1,"OK",2020-06-20
"50-64",58,0,"OK",2020-06-20
"36-49",8,0,"OK",2020-06-20
"18-35",6,0,"OK",2020-06-20
"5-17",0,0,"OK",2020-06-20
"0-4",0,0,"OK",2020-06-20
"65+",297,1,"OK",2020-06-21
"50-64",58,0,"OK",2020-06-21
"36-49",8,0,"OK",2020-06-21
"18-35",6,0,"OK",2020-06-21
"5-17",0,0,"OK",2020-06-21
"0-4",0,0,"OK",2020-06-21
"65+",297,0,"OK",2020-06-22
"50-64",58,0,"OK",2020-06-22
"36-49",8,0,"OK",2020-06-22
"18-35",6,0,"OK",2020-06-22
"5-17",0,0,"OK",2020-06-22
"0-4",0,0,"OK",2020-06-22
"65+",298,1,"OK",2020-06-23
"50-64",59,1,"OK",2020-06-23
"36-49",8,0,"OK",2020-06-23
"18-35",6,0,"OK",2020-06-23
"5-17",0,0,"OK",2020-06-23
"0-4",0,0,"OK",2020-06-23
"65+",298,0,"OK",2020-06-24
"50-64",59,0,"OK",2020-06-24
"36-49",9,1,"OK",2020-06-24
"18-35",6,0,"OK",2020-06-24
"5-17",0,0,"OK",2020-06-24
"0-4",0,0,"OK",2020-06-24
"65+",301,3,"OK",2020-06-25
"50-64",59,0,"OK",2020-06-25
"36-49",9,0,"OK",2020-06-25
"18-35",6,0,"OK",2020-06-25
"5-17",0,0,"OK",2020-06-25
"0-4",0,0,"OK",2020-06-25
"65+",302,1,"OK",2020-06-26
"50-64",60,1,"OK",2020-06-26
"36-49",9,0,"OK",2020-06-26
"18-35",6,0,"OK",2020-06-26
"5-17",0,0,"OK",2020-06-26
"0-4",0,0,"OK",2020-06-26
"65+",307,5,"OK",2020-06-27
"50-64",62,2,"OK",2020-06-27
"36-49",9,0,"OK",2020-06-27
"18-35",6,0,"OK",2020-06-27
"5-17",0,0,"OK",2020-06-27
"0-4",0,0,"OK",2020-06-27
"65+",308,1,"OK",2020-06-28
"50-64",62,0,"OK",2020-06-28
"36-49",9,0,"OK",2020-06-28
"18-35",6,0,"OK",2020-06-28
"5-17",0,0,"OK",2020-06-28
"0-4",0,0,"OK",2020-06-28
"65+",308,0,"OK",2020-06-29
"50-64",62,0,"OK",2020-06-29
"36-49",9,0,"OK",2020-06-29
"18-35",6,0,"OK",2020-06-29
"5-17",0,0,"OK",2020-06-29
"0-4",0,0,"OK",2020-06-29
"65+",309,1,"OK",2020-06-30
"50-64",62,0,"OK",2020-06-30
"36-49",10,1,"OK",2020-06-30
"18-35",6,0,"OK",2020-06-30
"5-17",0,0,"OK",2020-06-30
"0-4",0,0,"OK",2020-06-30
"65+",311,2,"OK",2020-07-01
"50-64",62,0,"OK",2020-07-01
"36-49",10,0,"OK",2020-07-01
"18-35",6,0,"OK",2020-07-01
"5-17",0,0,"OK",2020-07-01
"0-4",0,0,"OK",2020-07-01
"65+",316,5,"OK",2020-07-02
"50-64",63,1,"OK",2020-07-02
"36-49",10,0,"OK",2020-07-02
"18-35",6,0,"OK",2020-07-02
"0-4",0,0,"OK",2020-07-02
"5-17",0,0,"OK",2020-07-02
"65+",319,3,"OK",2020-07-03
"50-64",63,0,"OK",2020-07-03
"36-49",10,0,"OK",2020-07-03
"18-35",6,0,"OK",2020-07-03
"0-4",0,0,"OK",2020-07-03
"5-17",0,0,"OK",2020-07-03
"65+",319,0,"OK",2020-07-04
"50-64",63,0,"OK",2020-07-04
"36-49",10,0,"OK",2020-07-04
"18-35",6,0,"OK",2020-07-04
"0-4",0,0,"OK",2020-07-04
"5-17",0,0,"OK",2020-07-04
"65+",319,0,"OK",2020-07-05
"50-64",63,0,"OK",2020-07-05
"36-49",10,0,"OK",2020-07-05
"18-35",6,0,"OK",2020-07-05
"0-4",0,0,"OK",2020-07-05
"5-17",0,0,"OK",2020-07-05
"65+",320,1,"OK",2020-07-06
"50-64",63,0,"OK",2020-07-06
"36-49",10,0,"OK",2020-07-06
"18-35",6,0,"OK",2020-07-06
"5-17",0,0,"OK",2020-07-06
"0-4",0,0,"OK",2020-07-06
"65+",324,4,"OK",2020-07-07
"50-64",64,1,"OK",2020-07-07
"36-49",10,0,"OK",2020-07-07
"18-35",6,0,"OK",2020-07-07
"5-17",0,0,"OK",2020-07-07
"0-4",0,0,"OK",2020-07-07
"65+",326,2,"OK",2020-07-08
"50-64",65,1,"OK",2020-07-08
"36-49",10,0,"OK",2020-07-08
"18-35",6,0,"OK",2020-07-08
"5-17",0,0,"OK",2020-07-08
"0-4",0,0,"OK",2020-07-08
"65+",328,2,"OK",2020-07-09
"50-64",66,1,"OK",2020-07-09
"36-49",10,0,"OK",2020-07-09
"18-35",6,0,"OK",2020-07-09
"5-17",0,0,"OK",2020-07-09
"0-4",0,0,"OK",2020-07-09
"65+",334,6,"OK",2020-07-10
"50-64",66,0,"OK",2020-07-10
"36-49",10,0,"OK",2020-07-10
"18-35",6,0,"OK",2020-07-10
"5-17",0,0,"OK",2020-07-10
"0-4",0,0,"OK",2020-07-10
"65+",338,4,"OK",2020-07-11
"50-64",67,1,"OK",2020-07-11
"36-49",10,0,"OK",2020-07-11
"18-35",6,0,"OK",2020-07-11
"5-17",0,0,"OK",2020-07-11
"0-4",0,0,"OK",2020-07-11
"65+",338,0,"OK",2020-07-12
"50-64",67,0,"OK",2020-07-12
"36-49",10,0,"OK",2020-07-12
"18-35",6,0,"OK",2020-07-12
"5-17",1,1,"OK",2020-07-12
"0-4",0,0,"OK",2020-07-12
"65+",340,2,"OK",2020-07-13
"50-64",67,0,"OK",2020-07-13
"36-49",10,0,"OK",2020-07-13
"18-35",6,0,"OK",2020-07-13
"5-17",1,0,"OK",2020-07-13
"0-4",0,0,"OK",2020-07-13
"65+",342,2,"OK",2020-07-14
"50-64",68,1,"OK",2020-07-14
"36-49",10,0,"OK",2020-07-14
"18-35",7,1,"OK",2020-07-14
"5-17",1,0,"OK",2020-07-14
"0-4",0,0,"OK",2020-07-14
"65+",346,4,"OK",2020-07-15
"50-64",68,0,"OK",2020-07-15
"36-49",10,0,"OK",2020-07-15
"18-35",7,0,"OK",2020-07-15
"5-17",1,0,"OK",2020-07-15
"0-4",0,0,"OK",2020-07-15
"65+",351,5,"OK",2020-07-16
"50-64",69,1,"OK",2020-07-16
"36-49",10,0,"OK",2020-07-16
"18-35",7,0,"OK",2020-07-16
"5-17",1,0,"OK",2020-07-16
"0-4",0,0,"OK",2020-07-16
"65+",356,5,"OK",2020-07-17
"50-64",69,0,"OK",2020-07-17
"36-49",12,2,"OK",2020-07-17
"18-35",7,0,"OK",2020-07-17
"5-17",1,0,"OK",2020-07-17
"0-4",0,0,"OK",2020-07-17
"65+",360,4,"OK",2020-07-18
"50-64",69,0,"OK",2020-07-18
"36-49",14,2,"OK",2020-07-18
"18-35",7,0,"OK",2020-07-18
"5-17",1,0,"OK",2020-07-18
"0-4",0,0,"OK",2020-07-18
"65+",360,0,"OK",2020-07-19
"50-64",69,0,"OK",2020-07-19
"36-49",14,0,"OK",2020-07-19
"18-35",7,0,"OK",2020-07-19
"5-17",1,0,"OK",2020-07-19
"0-4",0,0,"OK",2020-07-19
"65+",361,1,"OK",2020-07-20
"50-64",69,0,"OK",2020-07-20
"36-49",14,0,"OK",2020-07-20
"18-35",7,0,"OK",2020-07-20
"5-17",1,0,"OK",2020-07-20
"0-4",0,0,"OK",2020-07-20
"65+",368,7,"OK",2020-07-21
"50-64",70,1,"OK",2020-07-21
"36-49",15,1,"OK",2020-07-21
"18-35",7,0,"OK",2020-07-21
"5-17",1,0,"OK",2020-07-21
"0-4",0,0,"OK",2020-07-21
"65+",380,12,"OK",2020-07-22
"50-64",70,0,"OK",2020-07-22
"36-49",16,1,"OK",2020-07-22
"18-35",7,0,"OK",2020-07-22
"5-17",1,0,"OK",2020-07-22
"0-4",0,0,"OK",2020-07-22
"65+",382,2,"OK",2020-07-23
"50-64",71,1,"OK",2020-07-23
"36-49",16,0,"OK",2020-07-23
"18-35",7,0,"OK",2020-07-23
"5-17",1,0,"OK",2020-07-23
"0-4",0,0,"OK",2020-07-23
"65+",386,4,"OK",2020-07-24
"50-64",74,3,"OK",2020-07-24
"36-49",16,0,"OK",2020-07-24
"18-35",7,0,"OK",2020-07-24
"5-17",1,0,"OK",2020-07-24
"0-4",0,0,"OK",2020-07-24
"65+",394,8,"OK",2020-07-25
"50-64",77,3,"OK",2020-07-25
"36-49",16,0,"OK",2020-07-25
"18-35",8,1,"OK",2020-07-25
"5-17",1,0,"OK",2020-07-25
"0-4",0,0,"OK",2020-07-25
"65+",394,0,"OK",2020-07-26
"50-64",77,0,"OK",2020-07-26
"36-49",16,0,"OK",2020-07-26
"18-35",8,0,"OK",2020-07-26
"5-17",1,0,"OK",2020-07-26
"0-4",0,0,"OK",2020-07-26
"65+",394,0,"OK",2020-07-27
"50-64",77,0,"OK",2020-07-27
"36-49",16,0,"OK",2020-07-27
"18-35",8,0,"OK",2020-07-27
"5-17",1,0,"OK",2020-07-27
"0-4",0,0,"OK",2020-07-27
"65+",404,10,"OK",2020-07-28
"50-64",80,3,"OK",2020-07-28
"36-49",16,0,"OK",2020-07-28
"18-35",8,0,"OK",2020-07-28
"5-17",1,0,"OK",2020-07-28
"0-4",0,0,"OK",2020-07-28
"65+",413,9,"OK",2020-07-29
"50-64",85,5,"OK",2020-07-29
"36-49",16,0,"OK",2020-07-29
"18-35",8,0,"OK",2020-07-29
"5-17",1,0,"OK",2020-07-29
"0-4",0,0,"OK",2020-07-29
"65+",426,13,"OK",2020-07-30
"50-64",85,0,"OK",2020-07-30
"36-49",16,0,"OK",2020-07-30
"18-35",8,0,"OK",2020-07-30
"5-17",1,0,"OK",2020-07-30
"0-4",0,0,"OK",2020-07-30
"65+",429,3,"OK",2020-07-31
"50-64",86,1,"OK",2020-07-31
"36-49",17,1,"OK",2020-07-31
"18-35",8,0,"OK",2020-07-31
"5-17",1,0,"OK",2020-07-31
"0-4",0,0,"OK",2020-07-31
"65+",434,5,"OK",2020-08-01
"50-64",89,3,"OK",2020-08-01
"36-49",17,0,"OK",2020-08-01
"18-35",8,0,"OK",2020-08-01
"5-17",1,0,"OK",2020-08-01
"0-4",0,0,"OK",2020-08-01
"65+",435,1,"OK",2020-08-02
"50-64",89,0,"OK",2020-08-02
"36-49",17,0,"OK",2020-08-02
"18-35",8,0,"OK",2020-08-02
"5-17",1,0,"OK",2020-08-02
"0-4",0,0,"OK",2020-08-02
"65+",436,1,"OK",2020-08-03
"50-64",89,0,"OK",2020-08-03
"36-49",17,0,"OK",2020-08-03
"18-35",8,0,"OK",2020-08-03
"5-17",1,0,"OK",2020-08-03
"0-4",0,0,"OK",2020-08-03
"65+",446,10,"OK",2020-08-04
"50-64",93,4,"OK",2020-08-04
"36-49",17,0,"OK",2020-08-04
"18-35",9,1,"OK",2020-08-04
"5-17",1,0,"OK",2020-08-04
"0-4",0,0,"OK",2020-08-04
"65+",461,15,"OK",2020-08-05
"50-64",95,2,"OK",2020-08-05
"36-49",17,0,"OK",2020-08-05
"18-35",9,0,"OK",2020-08-05
"5-17",1,0,"OK",2020-08-05
"0-4",0,0,"OK",2020-08-05
"65+",468,7,"OK",2020-08-06
"50-64",98,3,"OK",2020-08-06
"36-49",17,0,"OK",2020-08-06
"18-35",9,0,"OK",2020-08-06
"5-17",1,0,"OK",2020-08-06
"0-4",0,0,"OK",2020-08-06
"65+",473,5,"OK",2020-08-07
"50-64",100,2,"OK",2020-08-07
"36-49",17,0,"OK",2020-08-07
"18-35",9,0,"OK",2020-08-07
"5-17",1,0,"OK",2020-08-07
"0-4",0,0,"OK",2020-08-07
"65+",475,2,"OK",2020-08-08
"50-64",101,1,"OK",2020-08-08
"36-49",17,0,"OK",2020-08-08
"18-35",9,0,"OK",2020-08-08
"5-17",1,0,"OK",2020-08-08
"0-4",0,0,"OK",2020-08-08
"65+",475,0,"OK",2020-08-09
"50-64",101,0,"OK",2020-08-09
"36-49",17,0,"OK",2020-08-09
"18-35",9,0,"OK",2020-08-09
"5-17",1,0,"OK",2020-08-09
"0-4",0,0,"OK",2020-08-09
"65+",476,1,"OK",2020-08-10
"50-64",102,1,"OK",2020-08-10
"36-49",17,0,"OK",2020-08-10
"18-35",9,0,"OK",2020-08-10
"5-17",1,0,"OK",2020-08-10
"0-4",0,0,"OK",2020-08-10
"65+",488,12,"OK",2020-08-11
"50-64",103,1,"OK",2020-08-11
"36-49",17,0,"OK",2020-08-11
"18-35",9,0,"OK",2020-08-11
"5-17",1,0,"OK",2020-08-11
"0-4",0,0,"OK",2020-08-11
"65+",495,7,"OK",2020-08-12
"50-64",105,2,"OK",2020-08-12
"36-49",17,0,"OK",2020-08-12
"18-35",9,0,"OK",2020-08-12
"5-17",1,0,"OK",2020-08-12
"0-4",0,0,"OK",2020-08-12
"65+",504,9,"OK",2020-08-13
"50-64",106,1,"OK",2020-08-13
"36-49",18,1,"OK",2020-08-13
"18-35",9,0,"OK",2020-08-13
"5-17",1,0,"OK",2020-08-13
"0-4",0,0,"OK",2020-08-13
"65+",508,4,"OK",2020-08-14
"50-64",108,2,"OK",2020-08-14
"36-49",18,0,"OK",2020-08-14
"18-35",9,0,"OK",2020-08-14
"5-17",1,0,"OK",2020-08-14
"0-4",0,0,"OK",2020-08-14
"65+",518,10,"OK",2020-08-15
"50-64",110,2,"OK",2020-08-15
"36-49",19,1,"OK",2020-08-15
"18-35",9,0,"OK",2020-08-15
"5-17",1,0,"OK",2020-08-15
"0-4",0,0,"OK",2020-08-15
"65+",522,4,"OK",2020-08-16
"50-64",110,0,"OK",2020-08-16
"36-49",19,0,"OK",2020-08-16
"18-35",9,0,"OK",2020-08-16
"5-17",1,0,"OK",2020-08-16
"0-4",0,0,"OK",2020-08-16
"65+",524,2,"OK",2020-08-17
"50-64",112,2,"OK",2020-08-17
"36-49",19,0,"OK",2020-08-17
"18-35",9,0,"OK",2020-08-17
"5-17",1,0,"OK",2020-08-17
"0-4",0,0,"OK",2020-08-17
"65+",535,11,"OK",2020-08-18
"50-64",117,5,"OK",2020-08-18
"36-49",20,1,"OK",2020-08-18
"18-35",9,0,"OK",2020-08-18
"5-17",1,0,"OK",2020-08-18
"0-4",0,0,"OK",2020-08-18
"65+",550,15,"OK",2020-08-19
"50-64",119,2,"OK",2020-08-19
"36-49",20,0,"OK",2020-08-19
"18-35",9,0,"OK",2020-08-19
"5-17",1,0,"OK",2020-08-19
"0-4",0,0,"OK",2020-08-19
"65+",559,9,"OK",2020-08-20
"50-64",120,1,"OK",2020-08-20
"36-49",20,0,"OK",2020-08-20
"18-35",9,0,"OK",2020-08-20
"5-17",1,0,"OK",2020-08-20
"0-4",0,0,"OK",2020-08-20
"65+",564,5,"OK",2020-08-21
"50-64",121,1,"OK",2020-08-21
"36-49",20,0,"OK",2020-08-21
"18-35",9,0,"OK",2020-08-21
"5-17",1,0,"OK",2020-08-21
"0-4",0,0,"OK",2020-08-21
"65+",573,9,"OK",2020-08-22
"50-64",122,1,"OK",2020-08-22
"36-49",20,0,"OK",2020-08-22
"18-35",9,0,"OK",2020-08-22
"5-17",1,0,"OK",2020-08-22
"0-4",0,0,"OK",2020-08-22
"65+",574,1,"OK",2020-08-23
"50-64",122,0,"OK",2020-08-23
"36-49",20,0,"OK",2020-08-23
"18-35",9,0,"OK",2020-08-23
"5-17",1,0,"OK",2020-08-23
"0-4",0,0,"OK",2020-08-23
"65+",577,3,"OK",2020-08-24
"50-64",123,1,"OK",2020-08-24
"36-49",20,0,"OK",2020-08-24
"18-35",9,0,"OK",2020-08-24
"5-17",1,0,"OK",2020-08-24
"0-4",0,0,"OK",2020-08-24
"65+",588,11,"OK",2020-08-25
"50-64",126,3,"OK",2020-08-25
"36-49",20,0,"OK",2020-08-25
"18-35",9,0,"OK",2020-08-25
"5-17",1,0,"OK",2020-08-25
"0-4",0,0,"OK",2020-08-25
"65+",604,16,"OK",2020-08-26
"50-64",127,1,"OK",2020-08-26
"36-49",22,2,"OK",2020-08-26
"18-35",9,0,"OK",2020-08-26
"5-17",1,0,"OK",2020-08-26
"0-4",0,0,"OK",2020-08-26
"65+",617,13,"OK",2020-08-27
"50-64",128,1,"OK",2020-08-27
"36-49",23,1,"OK",2020-08-27
"18-35",9,0,"OK",2020-08-27
"5-17",1,0,"OK",2020-08-27
"0-4",0,0,"OK",2020-08-27
"65+",623,6,"OK",2020-08-28
"50-64",129,1,"OK",2020-08-28
"36-49",23,0,"OK",2020-08-28
"18-35",9,0,"OK",2020-08-28
"5-17",1,0,"OK",2020-08-28
"0-4",0,0,"OK",2020-08-28
"65+",633,10,"OK",2020-08-29
"50-64",129,0,"OK",2020-08-29
"36-49",25,2,"OK",2020-08-29
"18-35",9,0,"OK",2020-08-29
"5-17",1,0,"OK",2020-08-29
"0-4",0,0,"OK",2020-08-29
"65+",635,2,"OK",2020-08-30
"50-64",129,0,"OK",2020-08-30
"36-49",25,0,"OK",2020-08-30
"18-35",9,0,"OK",2020-08-30
"5-17",1,0,"OK",2020-08-30
"0-4",0,0,"OK",2020-08-30
"65+",636,1,"OK",2020-08-31
"50-64",129,0,"OK",2020-08-31
"36-49",25,0,"OK",2020-08-31
"18-35",9,0,"OK",2020-08-31
"5-17",1,0,"OK",2020-08-31
"0-4",0,0,"OK",2020-08-31
"65+",643,7,"OK",2020-09-01
"50-64",130,1,"OK",2020-09-01
"36-49",26,1,"OK",2020-09-01
"18-35",9,0,"OK",2020-09-01
"5-17",1,0,"OK",2020-09-01
"0-4",0,0,"OK",2020-09-01
"65+",652,9,"OK",2020-09-02
"50-64",133,3,"OK",2020-09-02
"36-49",26,0,"OK",2020-09-02
"18-35",9,0,"OK",2020-09-02
"5-17",1,0,"OK",2020-09-02
"0-4",0,0,"OK",2020-09-02
"65+",665,13,"OK",2020-09-03
"50-64",134,1,"OK",2020-09-03
"36-49",26,0,"OK",2020-09-03
"18-35",9,0,"OK",2020-09-03
"5-17",1,0,"OK",2020-09-03
"0-4",0,0,"OK",2020-09-03
"65+",674,9,"OK",2020-09-04
"50-64",135,1,"OK",2020-09-04
"36-49",26,0,"OK",2020-09-04
"18-35",10,1,"OK",2020-09-04
"5-17",1,0,"OK",2020-09-04
"0-4",0,0,"OK",2020-09-04
"65+",678,4,"OK",2020-09-05
"50-64",135,0,"OK",2020-09-05
"36-49",26,0,"OK",2020-09-05
"18-35",10,0,"OK",2020-09-05
"5-17",1,0,"OK",2020-09-05
"0-4",0,0,"OK",2020-09-05
"65+",680,2,"OK",2020-09-06
"50-64",135,0,"OK",2020-09-06
"36-49",27,1,"OK",2020-09-06
"18-35",10,0,"OK",2020-09-06
"5-17",1,0,"OK",2020-09-06
"0-4",0,0,"OK",2020-09-06
"65+",680,0,"OK",2020-09-07
"50-64",135,0,"OK",2020-09-07
"36-49",27,0,"OK",2020-09-07
"18-35",10,0,"OK",2020-09-07
"5-17",1,0,"OK",2020-09-07
"0-4",0,0,"OK",2020-09-07
"65+",681,1,"OK",2020-09-08
"50-64",135,0,"OK",2020-09-08
"36-49",27,0,"OK",2020-09-08
"18-35",10,0,"OK",2020-09-08
"5-17",1,0,"OK",2020-09-08
"0-4",0,0,"OK",2020-09-08
"65+",689,8,"OK",2020-09-09
"50-64",135,0,"OK",2020-09-09
"36-49",28,1,"OK",2020-09-09
"18-35",10,0,"OK",2020-09-09
"5-17",1,0,"OK",2020-09-09
"0-4",0,0,"OK",2020-09-09
"65+",700,11,"OK",2020-09-10
"50-64",137,2,"OK",2020-09-10
"36-49",28,0,"OK",2020-09-10
"18-35",10,0,"OK",2020-09-10
"5-17",1,0,"OK",2020-09-10
"0-4",0,0,"OK",2020-09-10
"65+",711,11,"OK",2020-09-11
"50-64",138,1,"OK",2020-09-11
"36-49",28,0,"OK",2020-09-11
"18-35",10,0,"OK",2020-09-11
"5-17",1,0,"OK",2020-09-11
"0-4",0,0,"OK",2020-09-11
"65+",718,7,"OK",2020-09-12
"50-64",142,4,"OK",2020-09-12
"36-49",28,0,"OK",2020-09-12
"18-35",10,0,"OK",2020-09-12
"5-17",1,0,"OK",2020-09-12
"0-4",0,0,"OK",2020-09-12
"65+",723,5,"OK",2020-09-13
"50-64",143,1,"OK",2020-09-13
"36-49",28,0,"OK",2020-09-13
"18-35",10,0,"OK",2020-09-13
"5-17",1,0,"OK",2020-09-13
"0-4",0,0,"OK",2020-09-13
"65+",723,0,"OK",2020-09-14
"50-64",143,0,"OK",2020-09-14
"36-49",28,0,"OK",2020-09-14
"18-35",10,0,"OK",2020-09-14
"5-17",1,0,"OK",2020-09-14
"0-4",0,0,"OK",2020-09-14
"65+",729,6,"OK",2020-09-15
"50-64",144,1,"OK",2020-09-15
"36-49",28,0,"OK",2020-09-15
"18-35",10,0,"OK",2020-09-15
"5-17",1,0,"OK",2020-09-15
"0-4",0,0,"OK",2020-09-15
"65+",740,11,"OK",2020-09-16
"50-64",145,1,"OK",2020-09-16
"36-49",28,0,"OK",2020-09-16
"18-35",10,0,"OK",2020-09-16
"5-17",1,0,"OK",2020-09-16
"0-4",0,0,"OK",2020-09-16
"65+",745,5,"OK",2020-09-17
"50-64",146,1,"OK",2020-09-17
"36-49",28,0,"OK",2020-09-17
"18-35",10,0,"OK",2020-09-17
"5-17",1,0,"OK",2020-09-17
"0-4",0,0,"OK",2020-09-17
"65+",753,8,"OK",2020-09-18
"50-64",147,1,"OK",2020-09-18
"36-49",28,0,"OK",2020-09-18
"18-35",10,0,"OK",2020-09-18
"5-17",1,0,"OK",2020-09-18
"0-4",0,0,"OK",2020-09-18
"65+",757,4,"OK",2020-09-19
"50-64",147,0,"OK",2020-09-19
"36-49",28,0,"OK",2020-09-19
"18-35",10,0,"OK",2020-09-19
"5-17",1,0,"OK",2020-09-19
"0-4",0,0,"OK",2020-09-19
"65+",759,2,"OK",2020-09-20
"50-64",148,1,"OK",2020-09-20
"36-49",28,0,"OK",2020-09-20
"18-35",10,0,"OK",2020-09-20
"5-17",1,0,"OK",2020-09-20
"0-4",0,0,"OK",2020-09-20
"65+",759,0,"OK",2020-09-21
"50-64",149,1,"OK",2020-09-21
"36-49",28,0,"OK",2020-09-21
"18-35",10,0,"OK",2020-09-21
"5-17",1,0,"OK",2020-09-21
"0-4",0,0,"OK",2020-09-21
"65+",771,12,"OK",2020-09-22
"50-64",150,1,"OK",2020-09-22
"36-49",30,2,"OK",2020-09-22
"18-35",10,0,"OK",2020-09-22
"5-17",1,0,"OK",2020-09-22
"0-4",0,0,"OK",2020-09-22
"65+",777,6,"OK",2020-09-23
"50-64",152,2,"OK",2020-09-23
"36-49",30,0,"OK",2020-09-23
"18-35",10,0,"OK",2020-09-23
"5-17",1,0,"OK",2020-09-23
"0-4",0,0,"OK",2020-09-23
"65+",786,9,"OK",2020-09-24
"50-64",153,1,"OK",2020-09-24
"36-49",31,1,"OK",2020-09-24
"18-35",10,0,"OK",2020-09-24
"5-17",1,0,"OK",2020-09-24
"0-4",0,0,"OK",2020-09-24
"65+",798,12,"OK",2020-09-25
"50-64",153,0,"OK",2020-09-25
"36-49",31,0,"OK",2020-09-25
"18-35",10,0,"OK",2020-09-25
"5-17",1,0,"OK",2020-09-25
"0-4",0,0,"OK",2020-09-25
"65+",807,9,"OK",2020-09-26
"50-64",153,0,"OK",2020-09-26
"36-49",31,0,"OK",2020-09-26
"18-35",10,0,"OK",2020-09-26
"5-17",1,0,"OK",2020-09-26
"0-4",0,0,"OK",2020-09-26
"65+",810,3,"OK",2020-09-27
"50-64",153,0,"OK",2020-09-27
"36-49",31,0,"OK",2020-09-27
"18-35",11,1,"OK",2020-09-27
"5-17",1,0,"OK",2020-09-27
"0-4",0,0,"OK",2020-09-27
"65+",810,0,"OK",2020-09-28
"50-64",154,1,"OK",2020-09-28
"36-49",31,0,"OK",2020-09-28
"18-35",11,0,"OK",2020-09-28
"5-17",1,0,"OK",2020-09-28
"0-4",0,0,"OK",2020-09-28
"65+",819,9,"OK",2020-09-29
"50-64",156,2,"OK",2020-09-29
"36-49",31,0,"OK",2020-09-29
"18-35",11,0,"OK",2020-09-29
"5-17",1,0,"OK",2020-09-29
"0-4",0,0,"OK",2020-09-29
"65+",828,9,"OK",2020-09-30
"50-64",158,2,"OK",2020-09-30
"36-49",32,1,"OK",2020-09-30
"18-35",12,1,"OK",2020-09-30
"5-17",1,0,"OK",2020-09-30
"0-4",0,0,"OK",2020-09-30
"65+",831,3,"OK",2020-10-01
"50-64",159,1,"OK",2020-10-01
"36-49",32,0,"OK",2020-10-01
"18-35",12,0,"OK",2020-10-01
"5-17",1,0,"OK",2020-10-01
"0-4",0,0,"OK",2020-10-01
"65+",839,8,"OK",2020-10-02
"50-64",159,0,"OK",2020-10-02
"36-49",32,0,"OK",2020-10-02
"18-35",13,1,"OK",2020-10-02
"5-17",1,0,"OK",2020-10-02
"0-4",0,0,"OK",2020-10-02
"65+",844,5,"OK",2020-10-03
"50-64",160,1,"OK",2020-10-03
"36-49",33,1,"OK",2020-10-03
"18-35",13,0,"OK",2020-10-03
"5-17",1,0,"OK",2020-10-03
"0-4",0,0,"OK",2020-10-03
"65+",844,0,"OK",2020-10-04
"50-64",160,0,"OK",2020-10-04
"36-49",33,0,"OK",2020-10-04
"18-35",13,0,"OK",2020-10-04
"5-17",1,0,"OK",2020-10-04
"0-4",0,0,"OK",2020-10-04
"65+",848,4,"OK",2020-10-05
"50-64",160,0,"OK",2020-10-05
"36-49",33,0,"OK",2020-10-05
"18-35",13,0,"OK",2020-10-05
"5-17",1,0,"OK",2020-10-05
"0-4",0,0,"OK",2020-10-05
"65+",856,8,"OK",2020-10-06
"50-64",163,3,"OK",2020-10-06
"36-49",33,0,"OK",2020-10-06
"18-35",13,0,"OK",2020-10-06
"5-17",1,0,"OK",2020-10-06
"0-4",0,0,"OK",2020-10-06
"65+",865,9,"OK",2020-10-07
"50-64",163,0,"OK",2020-10-07
"36-49",33,0,"OK",2020-10-07
"18-35",13,0,"OK",2020-10-07
"5-17",1,0,"OK",2020-10-07
"0-4",0,0,"OK",2020-10-07
"65+",873,8,"OK",2020-10-08
"50-64",165,2,"OK",2020-10-08
"36-49",33,0,"OK",2020-10-08
"18-35",13,0,"OK",2020-10-08
"5-17",1,0,"OK",2020-10-08
"0-4",0,0,"OK",2020-10-08
"65+",876,3,"OK",2020-10-09
"50-64",167,2,"OK",2020-10-09
"36-49",34,1,"OK",2020-10-09
"18-35",13,0,"OK",2020-10-09
"5-17",1,0,"OK",2020-10-09
"0-4",0,0,"OK",2020-10-09
"65+",880,4,"OK",2020-10-10
"50-64",167,0,"OK",2020-10-10
"36-49",34,0,"OK",2020-10-10
"18-35",13,0,"OK",2020-10-10
"5-17",1,0,"OK",2020-10-10
"0-4",0,0,"OK",2020-10-10
"65+",883,3,"OK",2020-10-11
"50-64",167,0,"OK",2020-10-11
"36-49",34,0,"OK",2020-10-11
"18-35",13,0,"OK",2020-10-11
"5-17",1,0,"OK",2020-10-11
"0-4",0,0,"OK",2020-10-11
"65+",888,5,"OK",2020-10-12
"50-64",167,0,"OK",2020-10-12
"36-49",35,1,"OK",2020-10-12
"18-35",13,0,"OK",2020-10-12
"5-17",1,0,"OK",2020-10-12
"0-4",0,0,"OK",2020-10-12
"65+",897,9,"OK",2020-10-13
"50-64",172,5,"OK",2020-10-13
"36-49",36,1,"OK",2020-10-13
"18-35",13,0,"OK",2020-10-13
"5-17",1,0,"OK",2020-10-13
"0-4",0,0,"OK",2020-10-13
"65+",908,11,"OK",2020-10-14
"65+",917,9,"OK",2020-10-15
"65+",926,9,"OK",2020-10-16
"65+",932,6,"OK",2020-10-17
"50-64",173,1,"OK",2020-10-14
"50-64",174,1,"OK",2020-10-15
"50-64",175,1,"OK",2020-10-16
"50-64",175,0,"OK",2020-10-17
"36-49",36,0,"OK",2020-10-14
"36-49",36,0,"OK",2020-10-15
"36-49",36,0,"OK",2020-10-16
"36-49",36,0,"OK",2020-10-17
"18-35",13,0,"OK",2020-10-14
"18-35",13,0,"OK",2020-10-15
"18-35",13,0,"OK",2020-10-16
"18-35",13,0,"OK",2020-10-17
"5-17",1,0,"OK",2020-10-14
"5-17",1,0,"OK",2020-10-15
"5-17",1,0,"OK",2020-10-16
"5-17",1,0,"OK",2020-10-17
"0-4",0,0,"OK",2020-10-14
"0-4",0,0,"OK",2020-10-15
"0-4",0,0,"OK",2020-10-16
"0-4",0,0,"OK",2020-10-17
"65+",941,9,"OK",2020-10-18
"50-64",178,3,"OK",2020-10-18
"36-49",37,1,"OK",2020-10-18
"18-35",14,1,"OK",2020-10-18
"5-17",1,0,"OK",2020-10-18
"0-4",0,0,"OK",2020-10-18
"65+",943,2,"OK",2020-10-19
"50-64",178,0,"OK",2020-10-19
"36-49",37,0,"OK",2020-10-19
"18-35",14,0,"OK",2020-10-19
"5-17",1,0,"OK",2020-10-19
"0-4",0,0,"OK",2020-10-19
"65+",957,14,"OK",2020-10-20
"50-64",182,4,"OK",2020-10-20
"36-49",37,0,"OK",2020-10-20
"18-35",14,0,"OK",2020-10-20
"5-17",1,0,"OK",2020-10-20
"0-4",0,0,"OK",2020-10-20
"65+",973,16,"OK",2020-10-21
"50-64",185,3,"OK",2020-10-21
"36-49",37,0,"OK",2020-10-21
"18-35",14,0,"OK",2020-10-21
"5-17",1,0,"OK",2020-10-21
"0-4",0,0,"OK",2020-10-21
"65+",982,9,"OK",2020-10-22
"50-64",187,2,"OK",2020-10-22
"36-49",37,0,"OK",2020-10-22
"18-35",14,0,"OK",2020-10-22
"5-17",1,0,"OK",2020-10-22
"0-4",0,0,"OK",2020-10-22
"65+",993,11,"OK",2020-10-23
"50-64",188,1,"OK",2020-10-23
"36-49",38,1,"OK",2020-10-23
"18-35",14,0,"OK",2020-10-23
"5-17",1,0,"OK",2020-10-23
"0-4",0,0,"OK",2020-10-23
"65+",999,6,"OK",2020-10-24
"50-64",191,3,"OK",2020-10-24
"36-49",40,2,"OK",2020-10-24
"18-35",14,0,"OK",2020-10-24
"5-17",1,0,"OK",2020-10-24
"0-4",0,0,"OK",2020-10-24
"65+",1001,2,"OK",2020-10-25
"50-64",193,2,"OK",2020-10-25
"36-49",40,0,"OK",2020-10-25
"18-35",14,0,"OK",2020-10-25
"5-17",1,0,"OK",2020-10-25
"0-4",0,0,"OK",2020-10-25
"65+",1003,2,"OK",2020-10-26
"50-64",193,0,"OK",2020-10-26
"36-49",40,0,"OK",2020-10-26
"18-35",14,0,"OK",2020-10-26
"5-17",1,0,"OK",2020-10-26
"0-4",0,0,"OK",2020-10-26
"65+",1024,21,"OK",2020-10-27
"50-64",194,1,"OK",2020-10-27
"36-49",40,0,"OK",2020-10-27
"18-35",14,0,"OK",2020-10-27
"5-17",1,0,"OK",2020-10-27
"0-4",0,0,"OK",2020-10-27
"65+",1035,11,"OK",2020-10-28
"50-64",196,2,"OK",2020-10-28
"36-49",40,0,"OK",2020-10-28
"18-35",14,0,"OK",2020-10-28
"5-17",1,0,"OK",2020-10-28
"0-4",0,0,"OK",2020-10-28
"65+",1050,15,"OK",2020-10-29
"50-64",200,4,"OK",2020-10-29
"36-49",41,1,"OK",2020-10-29
"18-35",14,0,"OK",2020-10-29
"5-17",1,0,"OK",2020-10-29
"0-4",0,0,"OK",2020-10-29
"65+",1066,16,"OK",2020-10-30
"50-64",204,4,"OK",2020-10-30
"36-49",41,0,"OK",2020-10-30
"18-35",14,0,"OK",2020-10-30
"5-17",1,0,"OK",2020-10-30
"0-4",0,0,"OK",2020-10-30
"65+",1077,11,"OK",2020-10-31
"50-64",204,0,"OK",2020-10-31
"36-49",41,0,"OK",2020-10-31
"18-35",14,0,"OK",2020-10-31
"5-17",1,0,"OK",2020-10-31
"0-4",0,0,"OK",2020-10-31
"65+",1085,8,"OK",2020-11-01
"50-64",204,0,"OK",2020-11-01
"36-49",41,0,"OK",2020-11-01
"18-35",14,0,"OK",2020-11-01
"5-17",1,0,"OK",2020-11-01
"0-4",0,0,"OK",2020-11-01
"65+",1092,7,"OK",2020-11-02
"50-64",205,1,"OK",2020-11-02
"36-49",42,1,"OK",2020-11-02
"18-35",14,0,"OK",2020-11-02
"5-17",1,0,"OK",2020-11-02
"0-4",0,0,"OK",2020-11-02
"65+",1109,17,"OK",2020-11-03
"50-64",209,4,"OK",2020-11-03
"36-49",42,0,"OK",2020-11-03
"18-35",14,0,"OK",2020-11-03
"5-17",1,0,"OK",2020-11-03
"0-4",0,0,"OK",2020-11-03
"65+",1122,13,"OK",2020-11-04
"50-64",212,3,"OK",2020-11-04
"36-49",42,0,"OK",2020-11-04
"18-35",15,1,"OK",2020-11-04
"5-17",1,0,"OK",2020-11-04
"0-4",0,0,"OK",2020-11-04
"65+",1140,18,"OK",2020-11-05
"50-64",215,3,"OK",2020-11-05
"36-49",42,0,"OK",2020-11-05
"18-35",15,0,"OK",2020-11-05
"5-17",1,0,"OK",2020-11-05
"0-4",0,0,"OK",2020-11-05
"65+",1153,13,"OK",2020-11-06
"65+",1153,0,"OK",2020-11-07
"50-64",217,2,"OK",2020-11-06
"50-64",217,0,"OK",2020-11-07
"36-49",42,0,"OK",2020-11-06
"36-49",42,0,"OK",2020-11-07
"18-35",15,0,"OK",2020-11-06
"18-35",15,0,"OK",2020-11-07
"5-17",1,0,"OK",2020-11-06
"5-17",1,0,"OK",2020-11-07
"0-4",0,0,"OK",2020-11-06
"0-4",0,0,"OK",2020-11-07
"65+",1161,8,"OK",2020-11-08
"50-64",219,2,"OK",2020-11-08
"36-49",42,0,"OK",2020-11-08
"18-35",15,0,"OK",2020-11-08
"5-17",1,0,"OK",2020-11-08
"0-4",0,0,"OK",2020-11-08
"65+",1166,5,"OK",2020-11-09
"50-64",220,1,"OK",2020-11-09
"36-49",42,0,"OK",2020-11-09
"18-35",15,0,"OK",2020-11-09
"5-17",1,0,"OK",2020-11-09
"0-4",0,0,"OK",2020-11-09
"65+",1172,6,"OK",2020-11-10
"50-64",221,1,"OK",2020-11-10
"36-49",42,0,"OK",2020-11-10
"18-35",15,0,"OK",2020-11-10
"5-17",1,0,"OK",2020-11-10
"0-4",0,0,"OK",2020-11-10
"65+",1186,14,"OK",2020-11-11
"50-64",225,4,"OK",2020-11-11
"36-49",43,1,"OK",2020-11-11
"18-35",15,0,"OK",2020-11-11
"5-17",1,0,"OK",2020-11-11
"0-4",0,0,"OK",2020-11-11
"65+",1195,9,"OK",2020-11-12
"50-64",227,2,"OK",2020-11-12
"36-49",43,0,"OK",2020-11-12
"18-35",15,0,"OK",2020-11-12
"5-17",1,0,"OK",2020-11-12
"0-4",0,0,"OK",2020-11-12
"65+",1204,9,"OK",2020-11-13
"50-64",230,3,"OK",2020-11-13
"36-49",43,0,"OK",2020-11-13
"18-35",15,0,"OK",2020-11-13
"5-17",1,0,"OK",2020-11-13
"0-4",0,0,"OK",2020-11-13
"65+",1224,20,"OK",2020-11-14
"50-64",231,1,"OK",2020-11-14
"36-49",45,2,"OK",2020-11-14
"18-35",15,0,"OK",2020-11-14
"5-17",1,0,"OK",2020-11-14
"0-4",0,0,"OK",2020-11-14
"65+",1236,12,"OK",2020-11-15
"50-64",231,0,"OK",2020-11-15
"36-49",45,0,"OK",2020-11-15
"18-35",15,0,"OK",2020-11-15
"5-17",1,0,"OK",2020-11-15
"0-4",0,0,"OK",2020-11-15
"65+",1243,7,"OK",2020-11-16
"50-64",234,3,"OK",2020-11-16
"36-49",45,0,"OK",2020-11-16
"18-35",15,0,"OK",2020-11-16
"5-17",1,0,"OK",2020-11-16
"0-4",0,0,"OK",2020-11-16
"65+",1248,5,"OK",2020-11-17
"50-64",235,1,"OK",2020-11-17
"36-49",45,0,"OK",2020-11-17
"18-35",15,0,"OK",2020-11-17
"5-17",1,0,"OK",2020-11-17
"0-4",0,0,"OK",2020-11-17
"65+",1269,21,"OK",2020-11-18
"50-64",238,3,"OK",2020-11-18
"36-49",47,2,"OK",2020-11-18
"18-35",15,0,"OK",2020-11-18
"5-17",1,0,"OK",2020-11-18
"0-4",0,0,"OK",2020-11-18
"65+",1284,15,"OK",2020-11-19
"50-64",241,3,"OK",2020-11-19
"36-49",47,0,"OK",2020-11-19
"18-35",15,0,"OK",2020-11-19
"5-17",1,0,"OK",2020-11-19
"0-4",0,0,"OK",2020-11-19
"65+",1295,11,"OK",2020-11-20
"50-64",243,2,"OK",2020-11-20
"36-49",49,2,"OK",2020-11-20
"18-35",15,0,"OK",2020-11-20
"5-17",1,0,"OK",2020-11-20
"0-4",0,0,"OK",2020-11-20
"65+",1308,13,"OK",2020-11-21
"50-64",249,6,"OK",2020-11-21
"36-49",51,2,"OK",2020-11-21
"18-35",15,0,"OK",2020-11-21
"5-17",1,0,"OK",2020-11-21
"0-4",0,0,"OK",2020-11-21
"65+",1317,9,"OK",2020-11-22
"50-64",250,1,"OK",2020-11-22
"36-49",51,0,"OK",2020-11-22
"18-35",15,0,"OK",2020-11-22
"5-17",1,0,"OK",2020-11-22
"0-4",0,0,"OK",2020-11-22
"65+",1329,12,"OK",2020-11-23
"50-64",252,2,"OK",2020-11-23
"36-49",52,1,"OK",2020-11-23
"18-35",15,0,"OK",2020-11-23
"5-17",1,0,"OK",2020-11-23
"0-4",0,0,"OK",2020-11-23
"65+",1340,11,"OK",2020-11-24
"50-64",255,3,"OK",2020-11-24
"36-49",53,1,"OK",2020-11-24
"18-35",15,0,"OK",2020-11-24
"5-17",1,0,"OK",2020-11-24
"0-4",0,0,"OK",2020-11-24
"65+",1356,16,"OK",2020-11-25
"50-64",255,0,"OK",2020-11-25
"36-49",53,0,"OK",2020-11-25
"18-35",15,0,"OK",2020-11-25
"5-17",1,0,"OK",2020-11-25
"0-4",0,0,"OK",2020-11-25
"65+",1356,0,"OK",2020-11-26
"50-64",255,0,"OK",2020-11-26
"36-49",53,0,"OK",2020-11-26
"18-35",15,0,"OK",2020-11-26
"5-17",1,0,"OK",2020-11-26
"0-4",0,0,"OK",2020-11-26
"65+",1377,21,"OK",2020-11-27
"50-64",257,2,"OK",2020-11-27
"36-49",54,1,"OK",2020-11-27
"18-35",15,0,"OK",2020-11-27
"5-17",1,0,"OK",2020-11-27
"0-4",0,0,"OK",2020-11-27
"65+",1388,11,"OK",2020-11-28
"65+",1404,16,"OK",2020-11-29
"65+",1410,6,"OK",2020-11-30
"65+",1422,12,"OK",2020-12-01
"65+",1466,44,"OK",2020-12-02
"65+",1486,20,"OK",2020-12-03
"65+",1506,20,"OK",2020-12-04
"65+",1517,11,"OK",2020-12-05
"65+",1535,18,"OK",2020-12-06
"50-64",259,2,"OK",2020-11-28
"50-64",262,3,"OK",2020-11-29
"50-64",263,1,"OK",2020-11-30
"50-64",265,2,"OK",2020-12-01
"50-64",273,8,"OK",2020-12-02
"50-64",276,3,"OK",2020-12-03
"50-64",279,3,"OK",2020-12-04
"50-64",281,2,"OK",2020-12-05
"50-64",284,3,"OK",2020-12-06
"36-49",54,0,"OK",2020-11-28
"36-49",54,0,"OK",2020-11-29
"36-49",54,0,"OK",2020-11-30
"36-49",54,0,"OK",2020-12-01
"36-49",55,1,"OK",2020-12-02
"36-49",55,0,"OK",2020-12-03
"36-49",55,0,"OK",2020-12-04
"36-49",55,0,"OK",2020-12-05
"36-49",55,0,"OK",2020-12-06
"18-35",15,0,"OK",2020-11-28
"18-35",15,0,"OK",2020-11-29
"18-35",15,0,"OK",2020-11-30
"18-35",15,0,"OK",2020-12-01
"18-35",15,0,"OK",2020-12-02
"18-35",15,0,"OK",2020-12-03
"18-35",15,0,"OK",2020-12-04
"18-35",15,0,"OK",2020-12-05
"18-35",15,0,"OK",2020-12-06
"5-17",1,0,"OK",2020-11-28
"5-17",1,0,"OK",2020-11-29
"5-17",1,0,"OK",2020-11-30
"5-17",1,0,"OK",2020-12-01
"5-17",1,0,"OK",2020-12-02
"5-17",1,0,"OK",2020-12-03
"5-17",1,0,"OK",2020-12-04
"5-17",1,0,"OK",2020-12-05
"5-17",1,0,"OK",2020-12-06
"0-4",0,0,"OK",2020-11-28
"0-4",0,0,"OK",2020-11-29
"0-4",0,0,"OK",2020-11-30
"0-4",0,0,"OK",2020-12-01
"0-4",0,0,"OK",2020-12-02
"0-4",0,0,"OK",2020-12-03
"0-4",0,0,"OK",2020-12-04
"0-4",0,0,"OK",2020-12-05
"0-4",0,0,"OK",2020-12-06
"65+",1544,9,"OK",2020-12-07
"50-64",289,5,"OK",2020-12-07
"36-49",59,4,"OK",2020-12-07
"18-35",17,2,"OK",2020-12-07
"5-17",1,0,"OK",2020-12-07
"0-4",0,0,"OK",2020-12-07
"65+",1554,10,"OK",2020-12-08
"50-64",289,0,"OK",2020-12-08
"36-49",61,2,"OK",2020-12-08
"18-35",17,0,"OK",2020-12-08
"5-17",1,0,"OK",2020-12-08
"0-4",0,0,"OK",2020-12-08
"65+",1568,14,"OK",2020-12-09
"50-64",297,8,"OK",2020-12-09
"36-49",61,0,"OK",2020-12-09
"18-35",18,1,"OK",2020-12-09
"5-17",1,0,"OK",2020-12-09
"0-4",0,0,"OK",2020-12-09
"65+",1597,29,"OK",2020-12-10
"50-64",302,5,"OK",2020-12-10
"36-49",62,1,"OK",2020-12-10
"18-35",18,0,"OK",2020-12-10
"5-17",1,0,"OK",2020-12-10
"0-4",0,0,"OK",2020-12-10
"65+",1620,23,"OK",2020-12-11
"50-64",306,4,"OK",2020-12-11
"36-49",62,0,"OK",2020-12-11
"18-35",18,0,"OK",2020-12-11
"5-17",1,0,"OK",2020-12-11
"0-4",0,0,"OK",2020-12-11
"65+",1644,24,"OK",2020-12-12
"50-64",314,8,"OK",2020-12-12
"36-49",65,3,"OK",2020-12-12
"18-35",18,0,"OK",2020-12-12
"5-17",1,0,"OK",2020-12-12
"0-4",0,0,"OK",2020-12-12
"65+",1663,19,"OK",2020-12-13
"50-64",317,3,"OK",2020-12-13
"36-49",65,0,"OK",2020-12-13
"18-35",18,0,"OK",2020-12-13
"5-17",1,0,"OK",2020-12-13
"0-4",0,0,"OK",2020-12-13
"65+",1671,8,"OK",2020-12-14
"50-64",317,0,"OK",2020-12-14
"36-49",65,0,"OK",2020-12-14
"18-35",18,0,"OK",2020-12-14
"5-17",1,0,"OK",2020-12-14
"0-4",0,0,"OK",2020-12-14
"65+",1681,10,"OK",2020-12-15
"50-64",320,3,"OK",2020-12-15
"36-49",66,1,"OK",2020-12-15
"18-35",18,0,"OK",2020-12-15
"5-17",1,0,"OK",2020-12-15
"0-4",0,0,"OK",2020-12-15
"65+",1715,34,"OK",2020-12-16
"50-64",325,5,"OK",2020-12-16
"36-49",68,2,"OK",2020-12-16
"18-35",19,1,"OK",2020-12-16
"5-17",1,0,"OK",2020-12-16
"0-4",0,0,"OK",2020-12-16
"65+",1728,13,"OK",2020-12-17
"50-64",328,3,"OK",2020-12-17
"36-49",68,0,"OK",2020-12-17
"18-35",19,0,"OK",2020-12-17
"5-17",1,0,"OK",2020-12-17
"0-4",0,0,"OK",2020-12-17
"65+",1742,14,"OK",2020-12-18
"65+",1765,23,"OK",2020-12-19
"65+",1784,19,"OK",2020-12-20
"65+",1789,5,"OK",2020-12-21
"65+",1807,18,"OK",2020-12-22
"65+",1842,35,"OK",2020-12-23
"65+",1878,36,"OK",2020-12-24
"65+",1878,0,"OK",2020-12-25
"65+",1901,23,"OK",2020-12-26
"50-64",331,3,"OK",2020-12-18
"50-64",335,4,"OK",2020-12-19
"50-64",339,4,"OK",2020-12-20
"50-64",340,1,"OK",2020-12-21
"50-64",343,3,"OK",2020-12-22
"50-64",350,7,"OK",2020-12-23
"50-64",357,7,"OK",2020-12-24
"50-64",357,0,"OK",2020-12-25
"50-64",362,5,"OK",2020-12-26
"36-49",69,1,"OK",2020-12-18
"36-49",70,1,"OK",2020-12-19
"36-49",71,1,"OK",2020-12-20
"36-49",71,0,"OK",2020-12-21
"36-49",72,1,"OK",2020-12-22
"36-49",73,1,"OK",2020-12-23
"36-49",74,1,"OK",2020-12-24
"36-49",74,0,"OK",2020-12-25
"36-49",75,1,"OK",2020-12-26
"18-35",19,0,"OK",2020-12-18
"18-35",19,0,"OK",2020-12-19
"18-35",19,0,"OK",2020-12-20
"18-35",19,0,"OK",2020-12-21
"18-35",19,0,"OK",2020-12-22
"18-35",19,0,"OK",2020-12-23
"18-35",19,0,"OK",2020-12-24
"18-35",19,0,"OK",2020-12-25
"18-35",19,0,"OK",2020-12-26
"5-17",1,0,"OK",2020-12-18
"5-17",1,0,"OK",2020-12-19
"5-17",1,0,"OK",2020-12-20
"5-17",1,0,"OK",2020-12-21
"5-17",1,0,"OK",2020-12-22
"5-17",1,0,"OK",2020-12-23
"5-17",1,0,"OK",2020-12-24
"5-17",1,0,"OK",2020-12-25
"5-17",1,0,"OK",2020-12-26
"0-4",0,0,"OK",2020-12-18
"0-4",0,0,"OK",2020-12-19
"0-4",0,0,"OK",2020-12-20
"0-4",0,0,"OK",2020-12-21
"0-4",0,0,"OK",2020-12-22
"0-4",0,0,"OK",2020-12-23
"0-4",0,0,"OK",2020-12-24
"0-4",0,0,"OK",2020-12-25
"0-4",0,0,"OK",2020-12-26
"65+",1907,6,"OK",2020-12-27
"50-64",374,12,"OK",2020-12-27
"36-49",80,5,"OK",2020-12-27
"18-35",21,2,"OK",2020-12-27
"5-17",1,0,"OK",2020-12-27
"0-4",0,0,"OK",2020-12-27
"65+",1917,10,"OK",2020-12-28
"50-64",376,2,"OK",2020-12-28
"36-49",80,0,"OK",2020-12-28
"18-35",21,0,"OK",2020-12-28
"5-17",1,0,"OK",2020-12-28
"0-4",0,0,"OK",2020-12-28
"65+",1926,9,"OK",2020-12-29
"50-64",376,0,"OK",2020-12-29
"36-49",80,0,"OK",2020-12-29
"18-35",22,1,"OK",2020-12-29
"5-17",1,0,"OK",2020-12-29
"0-4",0,0,"OK",2020-12-29
"65+",1959,33,"OK",2020-12-30
"50-64",386,10,"OK",2020-12-30
"36-49",85,5,"OK",2020-12-30
"18-35",22,0,"OK",2020-12-30
"5-17",1,0,"OK",2020-12-30
"0-4",0,0,"OK",2020-12-30
"65+",1989,30,"OK",2020-12-31
"50-64",390,4,"OK",2020-12-31
"36-49",87,2,"OK",2020-12-31
"18-35",22,0,"OK",2020-12-31
"5-17",1,0,"OK",2020-12-31
"0-4",0,0,"OK",2020-12-31
"65+",1989,0,"OK",2021-01-01
"50-64",390,0,"OK",2021-01-01
"36-49",87,0,"OK",2021-01-01
"18-35",22,0,"OK",2021-01-01
"5-17",1,0,"OK",2021-01-01
"0-4",0,0,"OK",2021-01-01
"65+",2022,33,"OK",2021-01-02
"50-64",392,2,"OK",2021-01-02
"36-49",89,2,"OK",2021-01-02
"18-35",23,1,"OK",2021-01-02
"5-17",1,0,"OK",2021-01-02
"0-4",0,0,"OK",2021-01-02
"65+",2038,16,"OK",2021-01-03
"50-64",395,3,"OK",2021-01-03
"36-49",90,1,"OK",2021-01-03
"18-35",23,0,"OK",2021-01-03
"5-17",1,0,"OK",2021-01-03
"0-4",0,0,"OK",2021-01-03
"65+",2042,4,"OK",2021-01-04
"50-64",396,1,"OK",2021-01-04
"36-49",90,0,"OK",2021-01-04
"18-35",23,0,"OK",2021-01-04
"5-17",1,0,"OK",2021-01-04
"0-4",0,0,"OK",2021-01-04
"65+",2057,15,"OK",2021-01-05
"50-64",399,3,"OK",2021-01-05
"36-49",91,1,"OK",2021-01-05
"18-35",23,0,"OK",2021-01-05
"5-17",1,0,"OK",2021-01-05
"0-4",0,0,"OK",2021-01-05
"65+",2110,53,"OK",2021-01-06
"50-64",404,5,"OK",2021-01-06
"36-49",93,2,"OK",2021-01-06
"18-35",25,2,"OK",2021-01-06
"5-17",1,0,"OK",2021-01-06
"0-4",0,0,"OK",2021-01-06
"65+",2143,33,"OK",2021-01-07
"50-64",409,5,"OK",2021-01-07
"36-49",94,1,"OK",2021-01-07
"18-35",25,0,"OK",2021-01-07
"5-17",1,0,"OK",2021-01-07
"0-4",0,0,"OK",2021-01-07
"65+",2161,18,"OK",2021-01-08
"50-64",419,10,"OK",2021-01-08
"36-49",96,2,"OK",2021-01-08
"18-35",26,1,"OK",2021-01-08
"5-17",1,0,"OK",2021-01-08
"0-4",0,0,"OK",2021-01-08
"65+",2185,24,"OK",2021-01-09
"50-64",428,9,"OK",2021-01-09
"36-49",98,2,"OK",2021-01-09
"18-35",26,0,"OK",2021-01-09
"5-17",1,0,"OK",2021-01-09
"0-4",0,0,"OK",2021-01-09
"65+",2202,17,"OK",2021-01-10
"50-64",433,5,"OK",2021-01-10
"36-49",99,1,"OK",2021-01-10
"18-35",26,0,"OK",2021-01-10
"5-17",1,0,"OK",2021-01-10
"0-4",0,0,"OK",2021-01-10
"65+",2213,11,"OK",2021-01-11
"50-64",436,3,"OK",2021-01-11
"36-49",99,0,"OK",2021-01-11
"18-35",26,0,"OK",2021-01-11
"5-17",1,0,"OK",2021-01-11
"0-4",0,0,"OK",2021-01-11
"65+",2234,21,"OK",2021-01-12
"50-64",441,5,"OK",2021-01-12
"36-49",102,3,"OK",2021-01-12
"18-35",26,0,"OK",2021-01-12
"5-17",1,0,"OK",2021-01-12
"0-4",0,0,"OK",2021-01-12
"65+",2270,36,"OK",2021-01-13
"50-64",447,6,"OK",2021-01-13
"36-49",104,2,"OK",2021-01-13
"18-35",26,0,"OK",2021-01-13
"5-17",1,0,"OK",2021-01-13
"0-4",0,0,"OK",2021-01-13
"65+",2293,23,"OK",2021-01-14
"50-64",456,9,"OK",2021-01-14
"36-49",106,2,"OK",2021-01-14
"18-35",26,0,"OK",2021-01-14
"5-17",1,0,"OK",2021-01-14
"0-4",0,0,"OK",2021-01-14
"65+",2327,34,"OK",2021-01-15
"50-64",462,6,"OK",2021-01-15
"36-49",108,2,"OK",2021-01-15
"18-35",27,1,"OK",2021-01-15
"5-17",1,0,"OK",2021-01-15
"0-4",0,0,"OK",2021-01-15
"65+",2348,21,"OK",2021-01-16
"50-64",466,4,"OK",2021-01-16
"36-49",110,2,"OK",2021-01-16
"18-35",27,0,"OK",2021-01-16
"5-17",1,0,"OK",2021-01-16
"0-4",0,0,"OK",2021-01-16
"65+",2376,28,"OK",2021-01-17
"50-64",471,5,"OK",2021-01-17
"36-49",111,1,"OK",2021-01-17
"18-35",28,1,"OK",2021-01-17
"5-17",1,0,"OK",2021-01-17
"0-4",0,0,"OK",2021-01-17
"65+",2381,5,"OK",2021-01-18
"50-64",473,2,"OK",2021-01-18
"36-49",111,0,"OK",2021-01-18
"18-35",28,0,"OK",2021-01-18
"5-17",1,0,"OK",2021-01-18
"0-4",0,0,"OK",2021-01-18
"65+",2415,34,"OK",2021-01-19
"50-64",482,9,"OK",2021-01-19
"36-49",111,0,"OK",2021-01-19
"18-35",28,0,"OK",2021-01-19
"5-17",1,0,"OK",2021-01-19
"0-4",0,0,"OK",2021-01-19
"65+",2457,42,"OK",2021-01-20
"50-64",487,5,"OK",2021-01-20
"36-49",112,1,"OK",2021-01-20
"18-35",28,0,"OK",2021-01-20
"5-17",1,0,"OK",2021-01-20
"0-4",0,0,"OK",2021-01-20
"65+",2497,40,"OK",2021-01-21
"50-64",500,13,"OK",2021-01-21
"36-49",114,2,"OK",2021-01-21
"18-35",28,0,"OK",2021-01-21
"5-17",1,0,"OK",2021-01-21
"0-4",0,0,"OK",2021-01-21
"65+",2536,39,"OK",2021-01-22
"50-64",506,6,"OK",2021-01-22
"36-49",115,1,"OK",2021-01-22
"18-35",29,1,"OK",2021-01-22
"5-17",1,0,"OK",2021-01-22
"0-4",0,0,"OK",2021-01-22
"65+",2572,36,"OK",2021-01-23
"50-64",513,7,"OK",2021-01-23
"36-49",116,1,"OK",2021-01-23
"18-35",29,0,"OK",2021-01-23
"5-17",1,0,"OK",2021-01-23
"0-4",0,0,"OK",2021-01-23
"65+",2605,33,"OK",2021-01-24
"50-64",526,13,"OK",2021-01-24
"36-49",117,1,"OK",2021-01-24
"18-35",30,1,"OK",2021-01-24
"5-17",1,0,"OK",2021-01-24
"0-4",0,0,"OK",2021-01-24
"65+",2617,12,"OK",2021-01-25
"50-64",528,2,"OK",2021-01-25
"36-49",117,0,"OK",2021-01-25
"18-35",30,0,"OK",2021-01-25
"5-17",1,0,"OK",2021-01-25
"0-4",0,0,"OK",2021-01-25
"65+",2642,25,"OK",2021-01-26
"50-64",531,3,"OK",2021-01-26
"36-49",119,2,"OK",2021-01-26
"18-35",30,0,"OK",2021-01-26
"5-17",1,0,"OK",2021-01-26
"0-4",0,0,"OK",2021-01-26
"65+",2692,50,"OK",2021-01-27
"65+",2719,27,"OK",2021-01-28
"65+",2756,37,"OK",2021-01-29
"65+",2782,26,"OK",2021-01-30
"65+",2815,33,"OK",2021-01-31
"65+",2828,13,"OK",2021-02-01
"65+",2857,29,"OK",2021-02-02
"65+",2897,40,"OK",2021-02-03
"50-64",542,11,"OK",2021-01-27
"50-64",548,6,"OK",2021-01-28
"50-64",556,8,"OK",2021-01-29
"50-64",562,6,"OK",2021-01-30
"50-64",569,7,"OK",2021-01-31
"50-64",572,3,"OK",2021-02-01
"50-64",579,7,"OK",2021-02-02
"50-64",588,9,"OK",2021-02-03
"36-49",122,3,"OK",2021-01-27
"36-49",124,2,"OK",2021-01-28
"36-49",126,2,"OK",2021-01-29
"36-49",127,1,"OK",2021-01-30
"36-49",129,2,"OK",2021-01-31
"36-49",130,1,"OK",2021-02-01
"36-49",132,2,"OK",2021-02-02
"36-49",134,2,"OK",2021-02-03
"18-35",31,1,"OK",2021-01-27
"18-35",31,0,"OK",2021-01-28
"18-35",31,0,"OK",2021-01-29
"18-35",31,0,"OK",2021-01-30
"18-35",31,0,"OK",2021-01-31
"18-35",31,0,"OK",2021-02-01
"18-35",31,0,"OK",2021-02-02
"18-35",31,0,"OK",2021-02-03
"5-17",1,0,"OK",2021-01-27
"5-17",1,0,"OK",2021-01-28
"5-17",1,0,"OK",2021-01-29
"5-17",1,0,"OK",2021-01-30
"5-17",1,0,"OK",2021-01-31
"5-17",1,0,"OK",2021-02-01
"5-17",1,0,"OK",2021-02-02
"5-17",1,0,"OK",2021-02-03
"0-4",0,0,"OK",2021-01-27
"0-4",0,0,"OK",2021-01-28
"0-4",0,0,"OK",2021-01-29
"0-4",0,0,"OK",2021-01-30
"0-4",0,0,"OK",2021-01-31
"0-4",0,0,"OK",2021-02-01
"0-4",0,0,"OK",2021-02-02
"0-4",0,0,"OK",2021-02-03
"65+",2914,17,"OK",2021-02-04
"50-64",594,6,"OK",2021-02-04
"36-49",139,5,"OK",2021-02-04
"18-35",33,2,"OK",2021-02-04
"5-17",1,0,"OK",2021-02-04
"0-4",0,0,"OK",2021-02-04
"65+",2938,24,"OK",2021-02-05
"50-64",596,2,"OK",2021-02-05
"36-49",142,3,"OK",2021-02-05
"18-35",33,0,"OK",2021-02-05
"5-17",1,0,"OK",2021-02-05
"0-4",0,0,"OK",2021-02-05
"65+",2979,41,"OK",2021-02-06
"50-64",605,9,"OK",2021-02-06
"36-49",143,1,"OK",2021-02-06
"18-35",33,0,"OK",2021-02-06
"5-17",1,0,"OK",2021-02-06
"0-4",0,0,"OK",2021-02-06
"65+",3026,47,"OK",2021-02-07
"50-64",610,5,"OK",2021-02-07
"36-49",143,0,"OK",2021-02-07
"18-35",33,0,"OK",2021-02-07
"5-17",1,0,"OK",2021-02-07
"0-4",0,0,"OK",2021-02-07
"65+",3028,2,"OK",2021-02-08
"50-64",612,2,"OK",2021-02-08
"36-49",143,0,"OK",2021-02-08
"18-35",33,0,"OK",2021-02-08
"5-17",1,0,"OK",2021-02-08
"0-4",0,0,"OK",2021-02-08
"65+",3073,45,"OK",2021-02-09
"50-64",617,5,"OK",2021-02-09
"36-49",146,3,"OK",2021-02-09
"18-35",33,0,"OK",2021-02-09
"5-17",1,0,"OK",2021-02-09
"0-4",0,0,"OK",2021-02-09
"65+",3094,21,"OK",2021-02-10
"50-64",624,7,"OK",2021-02-10
"36-49",148,2,"OK",2021-02-10
"18-35",33,0,"OK",2021-02-10
"5-17",1,0,"OK",2021-02-10
"0-4",0,0,"OK",2021-02-10
"65+",3135,41,"OK",2021-02-11
"50-64",631,7,"OK",2021-02-11
"36-49",148,0,"OK",2021-02-11
"18-35",33,0,"OK",2021-02-11
"5-17",1,0,"OK",2021-02-11
"0-4",0,0,"OK",2021-02-11
"65+",3143,8,"OK",2021-02-12
"50-64",633,2,"OK",2021-02-12
"36-49",149,1,"OK",2021-02-12
"18-35",33,0,"OK",2021-02-12
"5-17",1,0,"OK",2021-02-12
"0-4",0,0,"OK",2021-02-12
"65+",3168,25,"OK",2021-02-13
"50-64",643,10,"OK",2021-02-13
"36-49",149,0,"OK",2021-02-13
"18-35",33,0,"OK",2021-02-13
"5-17",1,0,"OK",2021-02-13
"0-4",0,0,"OK",2021-02-13
"65+",3190,22,"OK",2021-02-14
"50-64",651,8,"OK",2021-02-14
"36-49",149,0,"OK",2021-02-14
"18-35",33,0,"OK",2021-02-14
"5-17",1,0,"OK",2021-02-14
"0-4",0,0,"OK",2021-02-14
"65+",3202,12,"OK",2021-02-15
"50-64",654,3,"OK",2021-02-15
"36-49",151,2,"OK",2021-02-15
"18-35",33,0,"OK",2021-02-15
"5-17",1,0,"OK",2021-02-15
"0-4",0,0,"OK",2021-02-15
"65+",3218,16,"OK",2021-02-16
"50-64",656,2,"OK",2021-02-16
"36-49",153,2,"OK",2021-02-16
"18-35",33,0,"OK",2021-02-16
"5-17",1,0,"OK",2021-02-16
"0-4",0,0,"OK",2021-02-16
